0.36804658  0.09838641  0.08998103  0.05292872  0.08998103  0.02682477  0.04610407  0.03847450  0.09838641  0.02856103  0.02682477  0.02087298  0.05292872  0.02087298  0.03847450  0.05014413  
0.09838641  0.03040163  0.02486509  0.01940876  0.02469566  0.00953684  0.01411088  0.01858449  0.02779499  0.01100056  0.00870526  0.01192108  0.01703321  0.01174502  0.01643039  0.03847450  
0.08998103  0.02486509  0.02226991  0.01428478  0.02223928  0.00720568  0.01189423  0.01192108  0.02469566  0.00802719  0.00714534  0.00721047  0.01411052  0.00719264  0.01174502  0.02087298  
0.05292872  0.01940876  0.01428478  0.01551277  0.01411052  0.00754908  0.00978884  0.01940876  0.01703321  0.00978884  0.00671557  0.01428478  0.01311159  0.01411052  0.01703321  0.05292872  
0.08998103  0.02469566  0.02223928  0.01411052  0.02226991  0.00714534  0.01189423  0.01174502  0.02486509  0.00802719  0.00720568  0.00719264  0.01428478  0.00721047  0.01192108  0.02087298  
0.02682477  0.00953684  0.00720568  0.00754908  0.00714534  0.00373212  0.00491811  0.00953684  0.00870526  0.00491811  0.00342670  0.00720568  0.00671557  0.00714534  0.00870526  0.02682477  
0.04610407  0.01411088  0.01189423  0.00978884  0.01189423  0.00491811  0.00736544  0.01100056  0.01411088  0.00624578  0.00491811  0.00802719  0.00978884  0.00802719  0.01100056  0.02856103  
0.03847450  0.01858449  0.01192108  0.01940876  0.01174502  0.00953684  0.01100056  0.03040163  0.01643039  0.01411088  0.00870526  0.02486509  0.01703321  0.02469566  0.02779499  0.09838641  
0.09838641  0.02779499  0.02469566  0.01703321  0.02486509  0.00870526  0.01411088  0.01643039  0.03040163  0.01100056  0.00953684  0.01174502  0.01940876  0.01192108  0.01858449  0.03847450  
0.02856103  0.01100056  0.00802719  0.00978884  0.00802719  0.00491811  0.00624578  0.01411088  0.01100056  0.00736544  0.00491811  0.01189423  0.00978884  0.01189423  0.01411088  0.04610407  
0.02682477  0.00870526  0.00714534  0.00671557  0.00720568  0.00342670  0.00491811  0.00870526  0.00953684  0.00491811  0.00373212  0.00714534  0.00754908  0.00720568  0.00953684  0.02682477  
0.02087298  0.01192108  0.00721047  0.01428478  0.00719264  0.00720568  0.00802719  0.02486509  0.01174502  0.01189423  0.00714534  0.02226991  0.01411052  0.02223928  0.02469566  0.08998103  
0.05292872  0.01703321  0.01411052  0.01311159  0.01428478  0.00671557  0.00978884  0.01703321  0.01940876  0.00978884  0.00754908  0.01411052  0.01551277  0.01428478  0.01940876  0.05292872  
0.02087298  0.01174502  0.00719264  0.01411052  0.00721047  0.00714534  0.00802719  0.02469566  0.01192108  0.01189423  0.00720568  0.02223928  0.01428478  0.02226991  0.02486509  0.08998103  
0.03847450  0.01643039  0.01174502  0.01703321  0.01192108  0.00870526  0.01100056  0.02779499  0.01858449  0.01411088  0.00953684  0.02469566  0.01940876  0.02486509  0.03040163  0.09838641  
0.05014413  0.03847450  0.02087298  0.05292872  0.02087298  0.02682477  0.02856103  0.09838641  0.03847450  0.04610407  0.02682477  0.08998103  0.05292872  0.08998103  0.09838641  0.36804658  
