0.00001362  0.00000718  0.00000626  0.00000548  0.00000626  0.00000360  0.00000623  0.00000564  0.00000718  0.00000457  0.00000360  0.00000363  0.00000548  0.00000363  0.00000564  0.00000855  
0.00000718  0.00000444  0.00000303  0.00000285  0.00000301  0.00000219  0.00000216  0.00000376  0.00000530  0.00000160  0.00000168  0.00000227  0.00000257  0.00000193  0.00000466  0.00000564  
0.00000626  0.00000303  0.00000313  0.00000163  0.00000365  0.00000117  0.00000188  0.00000227  0.00000301  0.00000140  0.00000115  0.00000135  0.00000200  0.00000152  0.00000193  0.00000363  
0.00000548  0.00000285  0.00000163  0.00000423  0.00000200  0.00000185  0.00000175  0.00000285  0.00000257  0.00000175  0.00000169  0.00000163  0.00000351  0.00000200  0.00000257  0.00000548  
0.00000626  0.00000301  0.00000365  0.00000200  0.00000313  0.00000115  0.00000188  0.00000193  0.00000303  0.00000140  0.00000117  0.00000152  0.00000163  0.00000135  0.00000227  0.00000363  
0.00000360  0.00000219  0.00000117  0.00000185  0.00000115  0.00000144  0.00000081  0.00000219  0.00000168  0.00000081  0.00000115  0.00000117  0.00000169  0.00000115  0.00000168  0.00000360  
0.00000623  0.00000216  0.00000188  0.00000175  0.00000188  0.00000081  0.00000243  0.00000160  0.00000216  0.00000240  0.00000081  0.00000140  0.00000175  0.00000140  0.00000160  0.00000457  
0.00000564  0.00000376  0.00000227  0.00000285  0.00000193  0.00000219  0.00000160  0.00000444  0.00000466  0.00000216  0.00000168  0.00000303  0.00000257  0.00000301  0.00000530  0.00000718  
0.00000718  0.00000530  0.00000301  0.00000257  0.00000303  0.00000168  0.00000216  0.00000466  0.00000444  0.00000160  0.00000219  0.00000193  0.00000285  0.00000227  0.00000376  0.00000564  
0.00000457  0.00000160  0.00000140  0.00000175  0.00000140  0.00000081  0.00000240  0.00000216  0.00000160  0.00000243  0.00000081  0.00000188  0.00000175  0.00000188  0.00000216  0.00000623  
0.00000360  0.00000168  0.00000115  0.00000169  0.00000117  0.00000115  0.00000081  0.00000168  0.00000219  0.00000081  0.00000144  0.00000115  0.00000185  0.00000117  0.00000219  0.00000360  
0.00000363  0.00000227  0.00000135  0.00000163  0.00000152  0.00000117  0.00000140  0.00000303  0.00000193  0.00000188  0.00000115  0.00000313  0.00000200  0.00000365  0.00000301  0.00000626  
0.00000548  0.00000257  0.00000200  0.00000351  0.00000163  0.00000169  0.00000175  0.00000257  0.00000285  0.00000175  0.00000185  0.00000200  0.00000423  0.00000163  0.00000285  0.00000548  
0.00000363  0.00000193  0.00000152  0.00000200  0.00000135  0.00000115  0.00000140  0.00000301  0.00000227  0.00000188  0.00000117  0.00000365  0.00000163  0.00000313  0.00000303  0.00000626  
0.00000564  0.00000466  0.00000193  0.00000257  0.00000227  0.00000168  0.00000160  0.00000530  0.00000376  0.00000216  0.00000219  0.00000301  0.00000285  0.00000303  0.00000444  0.00000718  
0.00000855  0.00000564  0.00000363  0.00000548  0.00000363  0.00000360  0.00000457  0.00000718  0.00000564  0.00000623  0.00000360  0.00000626  0.00000548  0.00000626  0.00000718  0.00001362  
