0.10205806  0.08361974  0.07201668  0.08240345  0.07201668  0.06068306  0.07080048  0.08335913  0.08361974  0.06883251  0.06068306  0.06979523  0.08240345  0.06979523  0.08335913  0.09858338  
0.08361974  0.07051289  0.05916269  0.06963750  0.05904479  0.05117940  0.05818843  0.07047638  0.06854434  0.05803730  0.04985877  0.05899554  0.06756521  0.05887492  0.06852055  0.08335913  
0.07201668  0.05916269  0.05086335  0.05831464  0.05083794  0.04293468  0.04998768  0.05899554  0.05904479  0.04871965  0.04285706  0.04941149  0.05818778  0.04940353  0.05887492  0.06979523  
0.08240345  0.06963750  0.05831464  0.06883051  0.05818778  0.05055925  0.05735674  0.06963750  0.06756521  0.05735674  0.04916040  0.05831464  0.06661453  0.05818778  0.06756521  0.08240345  
0.07201668  0.05904479  0.05083794  0.05818778  0.05086335  0.04285706  0.04998768  0.05887492  0.05916269  0.04871965  0.04293468  0.04940353  0.05831464  0.04941149  0.05899554  0.06979523  
0.06068306  0.05117940  0.04293468  0.05055925  0.04285706  0.03718415  0.04224053  0.05117940  0.04985877  0.04224053  0.03627348  0.04293468  0.04916040  0.04285706  0.04985877  0.06068306  
0.07080048  0.05818843  0.04998768  0.05735674  0.04998768  0.04224053  0.04917481  0.05803730  0.05818843  0.04803552  0.04224053  0.04871965  0.05735674  0.04871965  0.05803730  0.06883251  
0.08335913  0.07047638  0.05899554  0.06963750  0.05887492  0.05117940  0.05803730  0.07051289  0.06852055  0.05818843  0.04985877  0.05916269  0.06756521  0.05904479  0.06854434  0.08361974  
0.08361974  0.06854434  0.05904479  0.06756521  0.05916269  0.04985877  0.05818843  0.06852055  0.07051289  0.05803730  0.05117940  0.05887492  0.06963750  0.05899554  0.07047638  0.08335913  
0.06883251  0.05803730  0.04871965  0.05735674  0.04871965  0.04224053  0.04803552  0.05818843  0.05803730  0.04917481  0.04224053  0.04998768  0.05735674  0.04998768  0.05818843  0.07080048  
0.06068306  0.04985877  0.04285706  0.04916040  0.04293468  0.03627348  0.04224053  0.04985877  0.05117940  0.04224053  0.03718415  0.04285706  0.05055925  0.04293468  0.05117940  0.06068306  
0.06979523  0.05899554  0.04941149  0.05831464  0.04940353  0.04293468  0.04871965  0.05916269  0.05887492  0.04998768  0.04285706  0.05086335  0.05818778  0.05083794  0.05904479  0.07201668  
0.08240345  0.06756521  0.05818778  0.06661453  0.05831464  0.04916040  0.05735674  0.06756521  0.06963750  0.05735674  0.05055925  0.05818778  0.06883051  0.05831464  0.06963750  0.08240345  
0.06979523  0.05887492  0.04940353  0.05818778  0.04941149  0.04285706  0.04871965  0.05904479  0.05899554  0.04998768  0.04293468  0.05083794  0.05831464  0.05086335  0.05916269  0.07201668  
0.08335913  0.06852055  0.05887492  0.06756521  0.05899554  0.04985877  0.05803730  0.06854434  0.07047638  0.05818843  0.05117940  0.05904479  0.06963750  0.05916269  0.07051289  0.08361974  
0.09858338  0.08335913  0.06979523  0.08240345  0.06979523  0.06068306  0.06883251  0.08361974  0.08335913  0.07080048  0.06068306  0.07201668  0.08240345  0.07201668  0.08361974  0.10205806  
