0.10842029  0.07915232  0.07915232  0.07519060  0.07915232  0.07518449  0.05993475  0.07417914  0.07915232  0.05993475  0.07518449  0.07417914  0.07519060  0.07417914  0.07417914  0.09530924  
0.07915232  0.06006860  0.05844477  0.05764144  0.05844588  0.05765257  0.04473982  0.05750684  0.05804833  0.04562015  0.05572629  0.05711538  0.05572967  0.05710482  0.05559399  0.07417914  
0.07915232  0.05844477  0.06006860  0.05764144  0.05804833  0.05572629  0.04562015  0.05711538  0.05844588  0.04473982  0.05765257  0.05750684  0.05572967  0.05559399  0.05710482  0.07417914  
0.07519060  0.05764144  0.05764144  0.05760468  0.05572967  0.05561446  0.04432076  0.05764144  0.05572967  0.04432076  0.05561446  0.05764144  0.05378300  0.05572967  0.05572967  0.07519060  
0.07915232  0.05844588  0.05804833  0.05572967  0.06006860  0.05765257  0.04562015  0.05710482  0.05844477  0.04473982  0.05572629  0.05559399  0.05764144  0.05750684  0.05711538  0.07417914  
0.07518449  0.05765257  0.05572629  0.05561446  0.05765257  0.05761854  0.04433183  0.05765257  0.05572629  0.04433183  0.05374320  0.05572629  0.05561446  0.05765257  0.05572629  0.07518449  
0.05993475  0.04473982  0.04562015  0.04432076  0.04562015  0.04433183  0.03608211  0.04562015  0.04473982  0.03466111  0.04433183  0.04473982  0.04432076  0.04473982  0.04562015  0.05993475  
0.07417914  0.05750684  0.05711538  0.05764144  0.05710482  0.05765257  0.04562015  0.06006860  0.05559399  0.04473982  0.05572629  0.05844477  0.05572967  0.05844588  0.05804833  0.07915232  
0.07915232  0.05804833  0.05844588  0.05572967  0.05844477  0.05572629  0.04473982  0.05559399  0.06006860  0.04562015  0.05765257  0.05710482  0.05764144  0.05711538  0.05750684  0.07417914  
0.05993475  0.04562015  0.04473982  0.04432076  0.04473982  0.04433183  0.03466111  0.04473982  0.04562015  0.03608211  0.04433183  0.04562015  0.04432076  0.04562015  0.04473982  0.05993475  
0.07518449  0.05572629  0.05765257  0.05561446  0.05572629  0.05374320  0.04433183  0.05572629  0.05765257  0.04433183  0.05761854  0.05765257  0.05561446  0.05572629  0.05765257  0.07518449  
0.07417914  0.05711538  0.05750684  0.05764144  0.05559399  0.05572629  0.04473982  0.05844477  0.05710482  0.04562015  0.05765257  0.06006860  0.05572967  0.05804833  0.05844588  0.07915232  
0.07519060  0.05572967  0.05572967  0.05378300  0.05764144  0.05561446  0.04432076  0.05572967  0.05764144  0.04432076  0.05561446  0.05572967  0.05760468  0.05764144  0.05764144  0.07519060  
0.07417914  0.05710482  0.05559399  0.05572967  0.05750684  0.05765257  0.04473982  0.05844588  0.05711538  0.04562015  0.05572629  0.05804833  0.05764144  0.06006860  0.05844477  0.07915232  
0.07417914  0.05559399  0.05710482  0.05572967  0.05711538  0.05572629  0.04562015  0.05804833  0.05750684  0.04473982  0.05765257  0.05844588  0.05764144  0.05844477  0.06006860  0.07915232  
0.09530924  0.07417914  0.07417914  0.07519060  0.07417914  0.07518449  0.05993475  0.07915232  0.07417914  0.05993475  0.07518449  0.07915232  0.07519060  0.07915232  0.07915232  0.10842029  
