0.19527414  0.09809889  0.09809889  0.06275020  0.09809889  0.06275930  0.05243634  0.04565064  0.09809889  0.05243634  0.06275930  0.04565064  0.06275020  0.04565064  0.04565064  0.04917982  
0.09809889  0.05323684  0.05195668  0.03813075  0.05195973  0.03812749  0.03103343  0.03369319  0.05174388  0.03166057  0.03700166  0.03351925  0.03700374  0.03352020  0.03267422  0.04565064  
0.09809889  0.05195668  0.05323684  0.03813075  0.05174388  0.03700166  0.03166057  0.03351925  0.05195973  0.03103343  0.03812749  0.03369319  0.03700374  0.03267422  0.03352020  0.04565064  
0.06275020  0.03813075  0.03813075  0.03414572  0.03700374  0.03307147  0.02758553  0.03813075  0.03700374  0.02758553  0.03307147  0.03813075  0.03205799  0.03700374  0.03700374  0.06275020  
0.09809889  0.05195973  0.05174388  0.03700374  0.05323684  0.03812749  0.03166057  0.03352020  0.05195668  0.03103343  0.03700166  0.03267422  0.03813075  0.03369319  0.03351925  0.04565064  
0.06275930  0.03812749  0.03700166  0.03307147  0.03812749  0.03413031  0.02758345  0.03812749  0.03700166  0.02758345  0.03207016  0.03700166  0.03307147  0.03812749  0.03700166  0.06275930  
0.05243634  0.03103343  0.03166057  0.02758553  0.03166057  0.02758345  0.02350249  0.03166057  0.03103343  0.02255859  0.02758345  0.03103343  0.02758553  0.03103343  0.03166057  0.05243634  
0.04565064  0.03369319  0.03351925  0.03813075  0.03352020  0.03812749  0.03166057  0.05323684  0.03267422  0.03103343  0.03700166  0.05195668  0.03700374  0.05195973  0.05174388  0.09809889  
0.09809889  0.05174388  0.05195973  0.03700374  0.05195668  0.03700166  0.03103343  0.03267422  0.05323684  0.03166057  0.03812749  0.03352020  0.03813075  0.03351925  0.03369319  0.04565064  
0.05243634  0.03166057  0.03103343  0.02758553  0.03103343  0.02758345  0.02255859  0.03103343  0.03166057  0.02350249  0.02758345  0.03166057  0.02758553  0.03166057  0.03103343  0.05243634  
0.06275930  0.03700166  0.03812749  0.03307147  0.03700166  0.03207016  0.02758345  0.03700166  0.03812749  0.02758345  0.03413031  0.03812749  0.03307147  0.03700166  0.03812749  0.06275930  
0.04565064  0.03351925  0.03369319  0.03813075  0.03267422  0.03700166  0.03103343  0.05195668  0.03352020  0.03166057  0.03812749  0.05323684  0.03700374  0.05174388  0.05195973  0.09809889  
0.06275020  0.03700374  0.03700374  0.03205799  0.03813075  0.03307147  0.02758553  0.03700374  0.03813075  0.02758553  0.03307147  0.03700374  0.03414572  0.03813075  0.03813075  0.06275020  
0.04565064  0.03352020  0.03267422  0.03700374  0.03369319  0.03812749  0.03103343  0.05195973  0.03351925  0.03166057  0.03700166  0.05174388  0.03813075  0.05323684  0.05195668  0.09809889  
0.04565064  0.03267422  0.03352020  0.03700374  0.03351925  0.03700166  0.03166057  0.05174388  0.03369319  0.03103343  0.03812749  0.05195973  0.03813075  0.05195668  0.05323684  0.09809889  
0.04917982  0.04565064  0.04565064  0.06275020  0.04565064  0.06275930  0.05243634  0.09809889  0.04565064  0.05243634  0.06275930  0.09809889  0.06275020  0.09809889  0.09809889  0.19527414  
