0.25728401  0.10729604  0.08691579  0.08512983  0.08691579  0.04331267  0.06520550  0.08473154  0.10729604  0.04982661  0.04331267  0.05144737  0.08512983  0.05144737  0.08473154  0.13012679  
0.10729604  0.05523715  0.03805133  0.04807592  0.03729888  0.02369305  0.03027930  0.05099192  0.04687326  0.02770464  0.02040395  0.03180430  0.03922509  0.03105865  0.04274597  0.08473154  
0.08691579  0.03805133  0.02979510  0.03108247  0.02969218  0.01572927  0.02281518  0.03180430  0.03729888  0.01846043  0.01543438  0.01983710  0.03028302  0.01976601  0.03105865  0.05144737  
0.08512983  0.04807592  0.03108247  0.04374230  0.03028302  0.02141458  0.02579859  0.04807592  0.03922509  0.02579859  0.01789774  0.03108247  0.03423959  0.03028302  0.03922509  0.08512983  
0.08691579  0.03729888  0.02969218  0.03028302  0.02979510  0.01543438  0.02281518  0.03105865  0.03805133  0.01846043  0.01572927  0.01976601  0.03108247  0.01983710  0.03180430  0.05144737  
0.04331267  0.02369305  0.01572927  0.02141458  0.01543438  0.01061322  0.01306764  0.02369305  0.02040395  0.01306764  0.00927960  0.01572927  0.01789774  0.01543438  0.02040395  0.04331267  
0.06520550  0.03027930  0.02281518  0.02579859  0.02281518  0.01306764  0.01829595  0.02770464  0.03027930  0.01624894  0.01306764  0.01846043  0.02579859  0.01846043  0.02770464  0.04982661  
0.08473154  0.05099192  0.03180430  0.04807592  0.03105865  0.02369305  0.02770464  0.05523715  0.04274597  0.03027930  0.02040395  0.03805133  0.03922509  0.03729888  0.04687326  0.10729604  
0.10729604  0.04687326  0.03729888  0.03922509  0.03805133  0.02040395  0.03027930  0.04274597  0.05523715  0.02770464  0.02369305  0.03105865  0.04807592  0.03180430  0.05099192  0.08473154  
0.04982661  0.02770464  0.01846043  0.02579859  0.01846043  0.01306764  0.01624894  0.03027930  0.02770464  0.01829595  0.01306764  0.02281518  0.02579859  0.02281518  0.03027930  0.06520550  
0.04331267  0.02040395  0.01543438  0.01789774  0.01572927  0.00927960  0.01306764  0.02040395  0.02369305  0.01306764  0.01061322  0.01543438  0.02141458  0.01572927  0.02369305  0.04331267  
0.05144737  0.03180430  0.01983710  0.03108247  0.01976601  0.01572927  0.01846043  0.03805133  0.03105865  0.02281518  0.01543438  0.02979510  0.03028302  0.02969218  0.03729888  0.08691579  
0.08512983  0.03922509  0.03028302  0.03423959  0.03108247  0.01789774  0.02579859  0.03922509  0.04807592  0.02579859  0.02141458  0.03028302  0.04374230  0.03108247  0.04807592  0.08512983  
0.05144737  0.03105865  0.01976601  0.03028302  0.01983710  0.01543438  0.01846043  0.03729888  0.03180430  0.02281518  0.01572927  0.02969218  0.03108247  0.02979510  0.03805133  0.08691579  
0.08473154  0.04274597  0.03105865  0.03922509  0.03180430  0.02040395  0.02770464  0.04687326  0.05099192  0.03027930  0.02369305  0.03729888  0.04807592  0.03805133  0.05523715  0.10729604  
0.13012679  0.08473154  0.05144737  0.08512983  0.05144737  0.04331267  0.04982661  0.10729604  0.08473154  0.06520550  0.04331267  0.08691579  0.08512983  0.08691579  0.10729604  0.25728401  
