0.09141269  0.07412197  0.07412197  0.07251359  0.07412197  0.07252229  0.06126419  0.07223562  0.07412197  0.06126419  0.07252229  0.07223562  0.07251359  0.07223562  0.07223562  0.08669548  
0.07412197  0.06135242  0.06039918  0.06016174  0.06039770  0.06014062  0.05009298  0.06014059  0.06025141  0.05067310  0.05914054  0.05996797  0.05913513  0.05997962  0.05910115  0.07223562  
0.07412197  0.06039918  0.06135242  0.06016174  0.06025141  0.05914054  0.05067310  0.05996797  0.06039770  0.05009298  0.06014062  0.06014059  0.05913513  0.05910115  0.05997962  0.07223562  
0.07251359  0.06016174  0.06016174  0.06023155  0.05913513  0.05910893  0.04992225  0.06016174  0.05913513  0.04992225  0.05910893  0.06016174  0.05812465  0.05913513  0.05913513  0.07251359  
0.07412197  0.06039770  0.06025141  0.05913513  0.06135242  0.06014062  0.05067310  0.05997962  0.06039918  0.05009298  0.05914054  0.05910115  0.06016174  0.06014059  0.05996797  0.07223562  
0.07252229  0.06014062  0.05914054  0.05910893  0.06014062  0.06020537  0.04993966  0.06014062  0.05914054  0.04993966  0.05811578  0.05914054  0.05910893  0.06014062  0.05914054  0.07252229  
0.06126419  0.05009298  0.05067310  0.04992225  0.05067310  0.04993966  0.04274071  0.05067310  0.05009298  0.04170944  0.04993966  0.05009298  0.04992225  0.05009298  0.05067310  0.06126419  
0.07223562  0.06014059  0.05996797  0.06016174  0.05997962  0.06014062  0.05067310  0.06135242  0.05910115  0.05009298  0.05914054  0.06039918  0.05913513  0.06039770  0.06025141  0.07412197  
0.07412197  0.06025141  0.06039770  0.05913513  0.06039918  0.05914054  0.05009298  0.05910115  0.06135242  0.05067310  0.06014062  0.05997962  0.06016174  0.05996797  0.06014059  0.07223562  
0.06126419  0.05067310  0.05009298  0.04992225  0.05009298  0.04993966  0.04170944  0.05009298  0.05067310  0.04274071  0.04993966  0.05067310  0.04992225  0.05067310  0.05009298  0.06126419  
0.07252229  0.05914054  0.06014062  0.05910893  0.05914054  0.05811578  0.04993966  0.05914054  0.06014062  0.04993966  0.06020537  0.06014062  0.05910893  0.05914054  0.06014062  0.07252229  
0.07223562  0.05996797  0.06014059  0.06016174  0.05910115  0.05914054  0.05009298  0.06039918  0.05997962  0.05067310  0.06014062  0.06135242  0.05913513  0.06025141  0.06039770  0.07412197  
0.07251359  0.05913513  0.05913513  0.05812465  0.06016174  0.05910893  0.04992225  0.05913513  0.06016174  0.04992225  0.05910893  0.05913513  0.06023155  0.06016174  0.06016174  0.07251359  
0.07223562  0.05997962  0.05910115  0.05913513  0.06014059  0.06014062  0.05009298  0.06039770  0.05996797  0.05067310  0.05914054  0.06025141  0.06016174  0.06135242  0.06039918  0.07412197  
0.07223562  0.05910115  0.05997962  0.05913513  0.05996797  0.05914054  0.05067310  0.06025141  0.06014059  0.05009298  0.06014062  0.06039770  0.06016174  0.06039918  0.06135242  0.07412197  
0.08669548  0.07223562  0.07223562  0.07251359  0.07223562  0.07252229  0.06126419  0.07412197  0.07223562  0.06126419  0.07252229  0.07412197  0.07251359  0.07412197  0.07412197  0.09141269  
