0.06890152  0.06529669  0.06529669  0.06520933  0.06529669  0.06519626  0.06218713  0.06516669  0.06529669  0.06218713  0.06519626  0.06516669  0.06520933  0.06516669  0.06516669  0.06840663  
0.06529669  0.06240731  0.06213663  0.06215198  0.06216295  0.06212806  0.05917996  0.06213566  0.06211614  0.05927446  0.06202412  0.06211624  0.06203692  0.06214136  0.06200837  0.06516669  
0.06529669  0.06213663  0.06240731  0.06215198  0.06211614  0.06202412  0.05927446  0.06211624  0.06216295  0.05917996  0.06212806  0.06213566  0.06203692  0.06200837  0.06214136  0.06516669  
0.06520933  0.06215198  0.06215198  0.06240180  0.06203692  0.06204199  0.05921557  0.06215198  0.06203692  0.05921557  0.06204199  0.06215198  0.06198683  0.06203692  0.06203692  0.06520933  
0.06529669  0.06216295  0.06211614  0.06203692  0.06240731  0.06212806  0.05927446  0.06214136  0.06213663  0.05917996  0.06202412  0.06200837  0.06215198  0.06213566  0.06211624  0.06516669  
0.06519626  0.06212806  0.06202412  0.06204199  0.06212806  0.06230494  0.05917351  0.06212806  0.06202412  0.05917351  0.06198779  0.06202412  0.06204199  0.06212806  0.06202412  0.06519626  
0.06218713  0.05917996  0.05927446  0.05921557  0.05927446  0.05917351  0.05676252  0.05927446  0.05917996  0.05639673  0.05917351  0.05917996  0.05921557  0.05917996  0.05927446  0.06218713  
0.06516669  0.06213566  0.06211624  0.06215198  0.06214136  0.06212806  0.05927446  0.06240731  0.06200837  0.05917996  0.06202412  0.06213663  0.06203692  0.06216295  0.06211614  0.06529669  
0.06529669  0.06211614  0.06216295  0.06203692  0.06213663  0.06202412  0.05917996  0.06200837  0.06240731  0.05927446  0.06212806  0.06214136  0.06215198  0.06211624  0.06213566  0.06516669  
0.06218713  0.05927446  0.05917996  0.05921557  0.05917996  0.05917351  0.05639673  0.05917996  0.05927446  0.05676252  0.05917351  0.05927446  0.05921557  0.05927446  0.05917996  0.06218713  
0.06519626  0.06202412  0.06212806  0.06204199  0.06202412  0.06198779  0.05917351  0.06202412  0.06212806  0.05917351  0.06230494  0.06212806  0.06204199  0.06202412  0.06212806  0.06519626  
0.06516669  0.06211624  0.06213566  0.06215198  0.06200837  0.06202412  0.05917996  0.06213663  0.06214136  0.05927446  0.06212806  0.06240731  0.06203692  0.06211614  0.06216295  0.06529669  
0.06520933  0.06203692  0.06203692  0.06198683  0.06215198  0.06204199  0.05921557  0.06203692  0.06215198  0.05921557  0.06204199  0.06203692  0.06240180  0.06215198  0.06215198  0.06520933  
0.06516669  0.06214136  0.06200837  0.06203692  0.06213566  0.06212806  0.05917996  0.06216295  0.06211624  0.05927446  0.06202412  0.06211614  0.06215198  0.06240731  0.06213663  0.06529669  
0.06516669  0.06200837  0.06214136  0.06203692  0.06211624  0.06202412  0.05927446  0.06211614  0.06213566  0.05917996  0.06212806  0.06216295  0.06215198  0.06213663  0.06240731  0.06529669  
0.06840663  0.06516669  0.06516669  0.06520933  0.06516669  0.06519626  0.06218713  0.06529669  0.06516669  0.06218713  0.06519626  0.06529669  0.06520933  0.06529669  0.06529669  0.06890152  
