0.09542385  0.07540372  0.07540372  0.07333244  0.07540372  0.07333098  0.06099008  0.07291706  0.07540372  0.06099008  0.07333098  0.07291706  0.07333244  0.07291706  0.07291706  0.08911768  
0.07540372  0.06105446  0.05997397  0.05960695  0.05997925  0.05961793  0.04873616  0.05960790  0.05974428  0.04940149  0.05837788  0.05936686  0.05838044  0.05936926  0.05836015  0.07291706  
0.07540372  0.05997397  0.06105446  0.05960695  0.05974428  0.05837788  0.04940149  0.05936686  0.05997925  0.04873616  0.05961793  0.05960790  0.05838044  0.05836015  0.05936926  0.07291706  
0.07333244  0.05960695  0.05960695  0.05969303  0.05838044  0.05835018  0.04853091  0.05960695  0.05838044  0.04853091  0.05835018  0.05960695  0.05714616  0.05838044  0.05838044  0.07333244  
0.07540372  0.05997925  0.05974428  0.05838044  0.06105446  0.05961793  0.04940149  0.05936926  0.05997397  0.04873616  0.05837788  0.05836015  0.05960695  0.05960790  0.05936686  0.07291706  
0.07333098  0.05961793  0.05837788  0.05835018  0.05961793  0.05965803  0.04852042  0.05961793  0.05837788  0.04852042  0.05715420  0.05837788  0.05835018  0.05961793  0.05837788  0.07333098  
0.06099008  0.04873616  0.04940149  0.04853091  0.04940149  0.04852042  0.04100723  0.04940149  0.04873616  0.03982957  0.04852042  0.04873616  0.04853091  0.04873616  0.04940149  0.06099008  
0.07291706  0.05960790  0.05936686  0.05960695  0.05936926  0.05961793  0.04940149  0.06105446  0.05836015  0.04873616  0.05837788  0.05997397  0.05838044  0.05997925  0.05974428  0.07540372  
0.07540372  0.05974428  0.05997925  0.05838044  0.05997397  0.05837788  0.04873616  0.05836015  0.06105446  0.04940149  0.05961793  0.05936926  0.05960695  0.05936686  0.05960790  0.07291706  
0.06099008  0.04940149  0.04873616  0.04853091  0.04873616  0.04852042  0.03982957  0.04873616  0.04940149  0.04100723  0.04852042  0.04940149  0.04853091  0.04940149  0.04873616  0.06099008  
0.07333098  0.05837788  0.05961793  0.05835018  0.05837788  0.05715420  0.04852042  0.05837788  0.05961793  0.04852042  0.05965803  0.05961793  0.05835018  0.05837788  0.05961793  0.07333098  
0.07291706  0.05936686  0.05960790  0.05960695  0.05836015  0.05837788  0.04873616  0.05997397  0.05936926  0.04940149  0.05961793  0.06105446  0.05838044  0.05974428  0.05997925  0.07540372  
0.07333244  0.05838044  0.05838044  0.05714616  0.05960695  0.05835018  0.04853091  0.05838044  0.05960695  0.04853091  0.05835018  0.05838044  0.05969303  0.05960695  0.05960695  0.07333244  
0.07291706  0.05936926  0.05836015  0.05838044  0.05960790  0.05961793  0.04873616  0.05997925  0.05936686  0.04940149  0.05837788  0.05974428  0.05960695  0.06105446  0.05997397  0.07540372  
0.07291706  0.05836015  0.05936926  0.05838044  0.05936686  0.05837788  0.04940149  0.05974428  0.05960790  0.04873616  0.05961793  0.05997925  0.05960695  0.05997397  0.06105446  0.07540372  
0.08911768  0.07291706  0.07291706  0.07333244  0.07291706  0.07333098  0.06099008  0.07540372  0.07291706  0.06099008  0.07333098  0.07540372  0.07333244  0.07540372  0.07540372  0.09542385  
