0.00002448  0.00001412  0.00001412  0.00001338  0.00001412  0.00001921  0.00001413  0.00001418  0.00001412  0.00001413  0.00001921  0.00001418  0.00001338  0.00001418  0.00001418  0.00002812  
0.00001412  0.00000849  0.00001587  0.00001013  0.00001085  0.00001186  0.00000906  0.00001363  0.00001287  0.00000818  0.00001232  0.00001145  0.00001037  0.00001155  0.00001462  0.00001418  
0.00001412  0.00001587  0.00000849  0.00001013  0.00001287  0.00001232  0.00000818  0.00001145  0.00001085  0.00000906  0.00001186  0.00001363  0.00001037  0.00001462  0.00001155  0.00001418  
0.00001338  0.00001013  0.00001013  0.00001905  0.00001037  0.00001319  0.00001054  0.00001013  0.00001037  0.00001054  0.00001319  0.00001013  0.00002549  0.00001037  0.00001037  0.00001338  
0.00001412  0.00001085  0.00001287  0.00001037  0.00000849  0.00001186  0.00000818  0.00001155  0.00001587  0.00000906  0.00001232  0.00001462  0.00001013  0.00001363  0.00001145  0.00001418  
0.00001921  0.00001186  0.00001232  0.00001319  0.00001186  0.00002251  0.00001125  0.00001186  0.00001232  0.00001125  0.00002394  0.00001232  0.00001319  0.00001186  0.00001232  0.00001921  
0.00001413  0.00000906  0.00000818  0.00001054  0.00000818  0.00001125  0.00001783  0.00000818  0.00000906  0.00001478  0.00001125  0.00000906  0.00001054  0.00000906  0.00000818  0.00001413  
0.00001418  0.00001363  0.00001145  0.00001013  0.00001155  0.00001186  0.00000818  0.00000849  0.00001462  0.00000906  0.00001232  0.00001587  0.00001037  0.00001085  0.00001287  0.00001412  
0.00001412  0.00001287  0.00001085  0.00001037  0.00001587  0.00001232  0.00000906  0.00001462  0.00000849  0.00000818  0.00001186  0.00001155  0.00001013  0.00001145  0.00001363  0.00001418  
0.00001413  0.00000818  0.00000906  0.00001054  0.00000906  0.00001125  0.00001478  0.00000906  0.00000818  0.00001783  0.00001125  0.00000818  0.00001054  0.00000818  0.00000906  0.00001413  
0.00001921  0.00001232  0.00001186  0.00001319  0.00001232  0.00002394  0.00001125  0.00001232  0.00001186  0.00001125  0.00002251  0.00001186  0.00001319  0.00001232  0.00001186  0.00001921  
0.00001418  0.00001145  0.00001363  0.00001013  0.00001462  0.00001232  0.00000906  0.00001587  0.00001155  0.00000818  0.00001186  0.00000849  0.00001037  0.00001287  0.00001085  0.00001412  
0.00001338  0.00001037  0.00001037  0.00002549  0.00001013  0.00001319  0.00001054  0.00001037  0.00001013  0.00001054  0.00001319  0.00001037  0.00001905  0.00001013  0.00001013  0.00001338  
0.00001418  0.00001155  0.00001462  0.00001037  0.00001363  0.00001186  0.00000906  0.00001085  0.00001145  0.00000818  0.00001232  0.00001287  0.00001013  0.00000849  0.00001587  0.00001412  
0.00001418  0.00001462  0.00001155  0.00001037  0.00001145  0.00001232  0.00000818  0.00001287  0.00001363  0.00000906  0.00001186  0.00001085  0.00001013  0.00001587  0.00000849  0.00001412  
0.00002812  0.00001418  0.00001418  0.00001338  0.00001418  0.00001921  0.00001413  0.00001412  0.00001418  0.00001413  0.00001921  0.00001412  0.00001338  0.00001412  0.00001412  0.00002448  
