0.00003911  0.00002097  0.00002097  0.00002448  0.00002097  0.00002897  0.00002012  0.00002892  0.00002097  0.00002012  0.00002897  0.00002892  0.00002448  0.00002892  0.00002892  0.00005288  
0.00002097  0.00001348  0.00002517  0.00001907  0.00002705  0.00001863  0.00002133  0.00002450  0.00002851  0.00002079  0.00002005  0.00002356  0.00002137  0.00002022  0.00003117  0.00002892  
0.00002097  0.00002517  0.00001348  0.00001907  0.00002851  0.00002005  0.00002079  0.00002356  0.00002705  0.00002133  0.00001863  0.00002450  0.00002137  0.00003117  0.00002022  0.00002892  
0.00002448  0.00001907  0.00001907  0.00003262  0.00002137  0.00001847  0.00002493  0.00001907  0.00002137  0.00002493  0.00001847  0.00001907  0.00004062  0.00002137  0.00002137  0.00002448  
0.00002097  0.00002705  0.00002851  0.00002137  0.00001348  0.00001863  0.00002079  0.00002022  0.00002517  0.00002133  0.00002005  0.00003117  0.00001907  0.00002450  0.00002356  0.00002892  
0.00002897  0.00001863  0.00002005  0.00001847  0.00001863  0.00004483  0.00001992  0.00001863  0.00002005  0.00001992  0.00003789  0.00002005  0.00001847  0.00001863  0.00002005  0.00002897  
0.00002012  0.00002133  0.00002079  0.00002493  0.00002079  0.00001992  0.00003486  0.00002079  0.00002133  0.00004221  0.00001992  0.00002133  0.00002493  0.00002133  0.00002079  0.00002012  
0.00002892  0.00002450  0.00002356  0.00001907  0.00002022  0.00001863  0.00002079  0.00001348  0.00003117  0.00002133  0.00002005  0.00002517  0.00002137  0.00002705  0.00002851  0.00002097  
0.00002097  0.00002851  0.00002705  0.00002137  0.00002517  0.00002005  0.00002133  0.00003117  0.00001348  0.00002079  0.00001863  0.00002022  0.00001907  0.00002356  0.00002450  0.00002892  
0.00002012  0.00002079  0.00002133  0.00002493  0.00002133  0.00001992  0.00004221  0.00002133  0.00002079  0.00003486  0.00001992  0.00002079  0.00002493  0.00002079  0.00002133  0.00002012  
0.00002897  0.00002005  0.00001863  0.00001847  0.00002005  0.00003789  0.00001992  0.00002005  0.00001863  0.00001992  0.00004483  0.00001863  0.00001847  0.00002005  0.00001863  0.00002897  
0.00002892  0.00002356  0.00002450  0.00001907  0.00003117  0.00002005  0.00002133  0.00002517  0.00002022  0.00002079  0.00001863  0.00001348  0.00002137  0.00002851  0.00002705  0.00002097  
0.00002448  0.00002137  0.00002137  0.00004062  0.00001907  0.00001847  0.00002493  0.00002137  0.00001907  0.00002493  0.00001847  0.00002137  0.00003262  0.00001907  0.00001907  0.00002448  
0.00002892  0.00002022  0.00003117  0.00002137  0.00002450  0.00001863  0.00002133  0.00002705  0.00002356  0.00002079  0.00002005  0.00002851  0.00001907  0.00001348  0.00002517  0.00002097  
0.00002892  0.00003117  0.00002022  0.00002137  0.00002356  0.00002005  0.00002079  0.00002851  0.00002450  0.00002133  0.00001863  0.00002705  0.00001907  0.00002517  0.00001348  0.00002097  
0.00005288  0.00002892  0.00002892  0.00002448  0.00002892  0.00002897  0.00002012  0.00002097  0.00002892  0.00002012  0.00002897  0.00002097  0.00002448  0.00002097  0.00002097  0.00003911  
