0.00004206  0.00001761  0.00001761  0.00002273  0.00001761  0.00002381  0.00002371  0.00002670  0.00001761  0.00002371  0.00002381  0.00002670  0.00002273  0.00002670  0.00002670  0.00005142  
0.00001761  0.00001315  0.00002324  0.00001774  0.00001953  0.00001621  0.00001641  0.00001715  0.00002518  0.00001341  0.00001882  0.00002155  0.00002117  0.00002585  0.00002085  0.00002670  
0.00001761  0.00002324  0.00001315  0.00001774  0.00002518  0.00001882  0.00001341  0.00002155  0.00001953  0.00001641  0.00001621  0.00001715  0.00002117  0.00002085  0.00002585  0.00002670  
0.00002273  0.00001774  0.00001774  0.00003291  0.00002117  0.00002158  0.00002279  0.00001774  0.00002117  0.00002279  0.00002158  0.00001774  0.00004373  0.00002117  0.00002117  0.00002273  
0.00001761  0.00001953  0.00002518  0.00002117  0.00001315  0.00001621  0.00001341  0.00002585  0.00002324  0.00001641  0.00001882  0.00002085  0.00001774  0.00001715  0.00002155  0.00002670  
0.00002381  0.00001621  0.00001882  0.00002158  0.00001621  0.00003881  0.00002053  0.00001621  0.00001882  0.00002053  0.00004564  0.00001882  0.00002158  0.00001621  0.00001882  0.00002381  
0.00002371  0.00001641  0.00001341  0.00002279  0.00001341  0.00002053  0.00002514  0.00001341  0.00001641  0.00003827  0.00002053  0.00001641  0.00002279  0.00001641  0.00001341  0.00002371  
0.00002670  0.00001715  0.00002155  0.00001774  0.00002585  0.00001621  0.00001341  0.00001315  0.00002085  0.00001641  0.00001882  0.00002324  0.00002117  0.00001953  0.00002518  0.00001761  
0.00001761  0.00002518  0.00001953  0.00002117  0.00002324  0.00001882  0.00001641  0.00002085  0.00001315  0.00001341  0.00001621  0.00002585  0.00001774  0.00002155  0.00001715  0.00002670  
0.00002371  0.00001341  0.00001641  0.00002279  0.00001641  0.00002053  0.00003827  0.00001641  0.00001341  0.00002514  0.00002053  0.00001341  0.00002279  0.00001341  0.00001641  0.00002371  
0.00002381  0.00001882  0.00001621  0.00002158  0.00001882  0.00004564  0.00002053  0.00001882  0.00001621  0.00002053  0.00003881  0.00001621  0.00002158  0.00001882  0.00001621  0.00002381  
0.00002670  0.00002155  0.00001715  0.00001774  0.00002085  0.00001882  0.00001641  0.00002324  0.00002585  0.00001341  0.00001621  0.00001315  0.00002117  0.00002518  0.00001953  0.00001761  
0.00002273  0.00002117  0.00002117  0.00004373  0.00001774  0.00002158  0.00002279  0.00002117  0.00001774  0.00002279  0.00002158  0.00002117  0.00003291  0.00001774  0.00001774  0.00002273  
0.00002670  0.00002585  0.00002085  0.00002117  0.00001715  0.00001621  0.00001641  0.00001953  0.00002155  0.00001341  0.00001882  0.00002518  0.00001774  0.00001315  0.00002324  0.00001761  
0.00002670  0.00002085  0.00002585  0.00002117  0.00002155  0.00001882  0.00001341  0.00002518  0.00001715  0.00001641  0.00001621  0.00001953  0.00001774  0.00002324  0.00001315  0.00001761  
0.00005142  0.00002670  0.00002670  0.00002273  0.00002670  0.00002381  0.00002371  0.00001761  0.00002670  0.00002371  0.00002381  0.00001761  0.00002273  0.00001761  0.00001761  0.00004206  
