0.09388723  0.07442846  0.07442846  0.07085554  0.07442846  0.07086023  0.06043693  0.06915342  0.07442846  0.06043693  0.07086023  0.06915342  0.07085554  0.06915342  0.06915342  0.08110800  
0.07442846  0.06125010  0.05981531  0.05909658  0.05981776  0.05910148  0.04924482  0.05848963  0.05949104  0.05011944  0.05741477  0.05815352  0.05741126  0.05816194  0.05680809  0.06915342  
0.07442846  0.05981531  0.06125010  0.05909658  0.05949104  0.05741477  0.05011944  0.05815352  0.05981776  0.04924482  0.05910148  0.05848963  0.05741126  0.05680809  0.05816194  0.06915342  
0.07085554  0.05909658  0.05909658  0.05924387  0.05741126  0.05752570  0.04906589  0.05909658  0.05741126  0.04906589  0.05752570  0.05909658  0.05588354  0.05741126  0.05741126  0.07085554  
0.07442846  0.05981776  0.05949104  0.05741126  0.06125010  0.05910148  0.05011944  0.05816194  0.05981531  0.04924482  0.05741477  0.05680809  0.05909658  0.05848963  0.05815352  0.06915342  
0.07086023  0.05910148  0.05741477  0.05752570  0.05910148  0.05925480  0.04906110  0.05910148  0.05741477  0.04906110  0.05587758  0.05741477  0.05752570  0.05910148  0.05741477  0.07086023  
0.06043693  0.04924482  0.05011944  0.04906589  0.05011944  0.04906110  0.04261369  0.05011944  0.04924482  0.04112355  0.04906110  0.04924482  0.04906589  0.04924482  0.05011944  0.06043693  
0.06915342  0.05848963  0.05815352  0.05909658  0.05816194  0.05910148  0.05011944  0.06125010  0.05680809  0.04924482  0.05741477  0.05981531  0.05741126  0.05981776  0.05949104  0.07442846  
0.07442846  0.05949104  0.05981776  0.05741126  0.05981531  0.05741477  0.04924482  0.05680809  0.06125010  0.05011944  0.05910148  0.05816194  0.05909658  0.05815352  0.05848963  0.06915342  
0.06043693  0.05011944  0.04924482  0.04906589  0.04924482  0.04906110  0.04112355  0.04924482  0.05011944  0.04261369  0.04906110  0.05011944  0.04906589  0.05011944  0.04924482  0.06043693  
0.07086023  0.05741477  0.05910148  0.05752570  0.05741477  0.05587758  0.04906110  0.05741477  0.05910148  0.04906110  0.05925480  0.05910148  0.05752570  0.05741477  0.05910148  0.07086023  
0.06915342  0.05815352  0.05848963  0.05909658  0.05680809  0.05741477  0.04924482  0.05981531  0.05816194  0.05011944  0.05910148  0.06125010  0.05741126  0.05949104  0.05981776  0.07442846  
0.07085554  0.05741126  0.05741126  0.05588354  0.05909658  0.05752570  0.04906589  0.05741126  0.05909658  0.04906589  0.05752570  0.05741126  0.05924387  0.05909658  0.05909658  0.07085554  
0.06915342  0.05816194  0.05680809  0.05741126  0.05848963  0.05910148  0.04924482  0.05981776  0.05815352  0.05011944  0.05741477  0.05949104  0.05909658  0.06125010  0.05981531  0.07442846  
0.06915342  0.05680809  0.05816194  0.05741126  0.05815352  0.05741477  0.05011944  0.05949104  0.05848963  0.04924482  0.05910148  0.05981776  0.05909658  0.05981531  0.06125010  0.07442846  
0.08110800  0.06915342  0.06915342  0.07085554  0.06915342  0.07086023  0.06043693  0.07442846  0.06915342  0.06043693  0.07086023  0.07442846  0.07085554  0.07442846  0.07442846  0.09388723  
