0.37392052  0.10062687  0.10062687  0.03283809  0.10062687  0.03284697  0.02744064  0.01180751  0.10062687  0.02744064  0.03284697  0.01180751  0.03283809  0.01180751  0.01180751  0.00858369  
0.10062687  0.02761928  0.02735131  0.00977664  0.02734907  0.00977755  0.00808334  0.00579754  0.02732985  0.00815833  0.00967054  0.00578949  0.00966991  0.00579033  0.00572749  0.01180751  
0.10062687  0.02735131  0.02761928  0.00977664  0.02732985  0.00967054  0.00815833  0.00578949  0.02734907  0.00808334  0.00977755  0.00579754  0.00966991  0.00572749  0.00579033  0.01180751  
0.03283809  0.00977664  0.00977664  0.00578739  0.00966991  0.00571278  0.00476896  0.00977664  0.00966991  0.00476896  0.00571278  0.00977664  0.00564844  0.00966991  0.00966991  0.03283809  
0.10062687  0.02734907  0.02732985  0.00966991  0.02761928  0.00977755  0.00815833  0.00579033  0.02735131  0.00808334  0.00967054  0.00572749  0.00977664  0.00579754  0.00578949  0.01180751  
0.03284697  0.00977755  0.00967054  0.00571278  0.00977755  0.00578712  0.00476991  0.00977755  0.00967054  0.00476991  0.00565143  0.00967054  0.00571278  0.00977755  0.00967054  0.03284697  
0.02744064  0.00808334  0.00815833  0.00476896  0.00815833  0.00476991  0.00402786  0.00815833  0.00808334  0.00394719  0.00476991  0.00808334  0.00476896  0.00808334  0.00815833  0.02744064  
0.01180751  0.00579754  0.00578949  0.00977664  0.00579033  0.00977755  0.00815833  0.02761928  0.00572749  0.00808334  0.00967054  0.02735131  0.00966991  0.02734907  0.02732985  0.10062687  
0.10062687  0.02732985  0.02734907  0.00966991  0.02735131  0.00967054  0.00808334  0.00572749  0.02761928  0.00815833  0.00977755  0.00579033  0.00977664  0.00578949  0.00579754  0.01180751  
0.02744064  0.00815833  0.00808334  0.00476896  0.00808334  0.00476991  0.00394719  0.00808334  0.00815833  0.00402786  0.00476991  0.00815833  0.00476896  0.00815833  0.00808334  0.02744064  
0.03284697  0.00967054  0.00977755  0.00571278  0.00967054  0.00565143  0.00476991  0.00967054  0.00977755  0.00476991  0.00578712  0.00977755  0.00571278  0.00967054  0.00977755  0.03284697  
0.01180751  0.00578949  0.00579754  0.00977664  0.00572749  0.00967054  0.00808334  0.02735131  0.00579033  0.00815833  0.00977755  0.02761928  0.00966991  0.02732985  0.02734907  0.10062687  
0.03283809  0.00966991  0.00966991  0.00564844  0.00977664  0.00571278  0.00476896  0.00966991  0.00977664  0.00476896  0.00571278  0.00966991  0.00578739  0.00977664  0.00977664  0.03283809  
0.01180751  0.00579033  0.00572749  0.00966991  0.00579754  0.00977755  0.00808334  0.02734907  0.00578949  0.00815833  0.00967054  0.02732985  0.00977664  0.02761928  0.02735131  0.10062687  
0.01180751  0.00572749  0.00579033  0.00966991  0.00578949  0.00967054  0.00815833  0.02732985  0.00579754  0.00808334  0.00977755  0.02734907  0.00977664  0.02735131  0.02761928  0.10062687  
0.00858369  0.01180751  0.01180751  0.03283809  0.01180751  0.03284697  0.02744064  0.10062687  0.01180751  0.02744064  0.03284697  0.10062687  0.03283809  0.10062687  0.10062687  0.37392052  
