0.00001170  0.00000598  0.00000598  0.00000475  0.00000598  0.00000423  0.00000357  0.00000210  0.00000598  0.00000357  0.00000423  0.00000210  0.00000475  0.00000210  0.00000210  0.00000301  
0.00000598  0.00000278  0.00000339  0.00000133  0.00000345  0.00000119  0.00000123  0.00000141  0.00000270  0.00000111  0.00000143  0.00000166  0.00000113  0.00000092  0.00000145  0.00000210  
0.00000598  0.00000339  0.00000278  0.00000133  0.00000270  0.00000143  0.00000111  0.00000166  0.00000345  0.00000123  0.00000119  0.00000141  0.00000113  0.00000145  0.00000092  0.00000210  
0.00000475  0.00000133  0.00000133  0.00000223  0.00000113  0.00000084  0.00000092  0.00000133  0.00000113  0.00000092  0.00000084  0.00000133  0.00000197  0.00000113  0.00000113  0.00000475  
0.00000598  0.00000345  0.00000270  0.00000113  0.00000278  0.00000119  0.00000111  0.00000092  0.00000339  0.00000123  0.00000143  0.00000145  0.00000133  0.00000141  0.00000166  0.00000210  
0.00000423  0.00000119  0.00000143  0.00000084  0.00000119  0.00000212  0.00000096  0.00000119  0.00000143  0.00000096  0.00000234  0.00000143  0.00000084  0.00000119  0.00000143  0.00000423  
0.00000357  0.00000123  0.00000111  0.00000092  0.00000111  0.00000096  0.00000205  0.00000111  0.00000123  0.00000159  0.00000096  0.00000123  0.00000092  0.00000123  0.00000111  0.00000357  
0.00000210  0.00000141  0.00000166  0.00000133  0.00000092  0.00000119  0.00000111  0.00000278  0.00000145  0.00000123  0.00000143  0.00000339  0.00000113  0.00000345  0.00000270  0.00000598  
0.00000598  0.00000270  0.00000345  0.00000113  0.00000339  0.00000143  0.00000123  0.00000145  0.00000278  0.00000111  0.00000119  0.00000092  0.00000133  0.00000166  0.00000141  0.00000210  
0.00000357  0.00000111  0.00000123  0.00000092  0.00000123  0.00000096  0.00000159  0.00000123  0.00000111  0.00000205  0.00000096  0.00000111  0.00000092  0.00000111  0.00000123  0.00000357  
0.00000423  0.00000143  0.00000119  0.00000084  0.00000143  0.00000234  0.00000096  0.00000143  0.00000119  0.00000096  0.00000212  0.00000119  0.00000084  0.00000143  0.00000119  0.00000423  
0.00000210  0.00000166  0.00000141  0.00000133  0.00000145  0.00000143  0.00000123  0.00000339  0.00000092  0.00000111  0.00000119  0.00000278  0.00000113  0.00000270  0.00000345  0.00000598  
0.00000475  0.00000113  0.00000113  0.00000197  0.00000133  0.00000084  0.00000092  0.00000113  0.00000133  0.00000092  0.00000084  0.00000113  0.00000223  0.00000133  0.00000133  0.00000475  
0.00000210  0.00000092  0.00000145  0.00000113  0.00000141  0.00000119  0.00000123  0.00000345  0.00000166  0.00000111  0.00000143  0.00000270  0.00000133  0.00000278  0.00000339  0.00000598  
0.00000210  0.00000145  0.00000092  0.00000113  0.00000166  0.00000143  0.00000111  0.00000270  0.00000141  0.00000123  0.00000119  0.00000345  0.00000133  0.00000339  0.00000278  0.00000598  
0.00000301  0.00000210  0.00000210  0.00000475  0.00000210  0.00000423  0.00000357  0.00000598  0.00000210  0.00000357  0.00000423  0.00000598  0.00000475  0.00000598  0.00000598  0.00001170  
