0.00001789  0.00000803  0.00000759  0.00000835  0.00000759  0.00000421  0.00000855  0.00000826  0.00000803  0.00000723  0.00000421  0.00000542  0.00000835  0.00000542  0.00000826  0.00001676  
0.00000803  0.00000636  0.00000437  0.00000464  0.00000552  0.00000242  0.00000360  0.00000843  0.00000621  0.00000329  0.00000266  0.00000354  0.00000544  0.00000343  0.00000724  0.00000826  
0.00000759  0.00000437  0.00000484  0.00000359  0.00000550  0.00000258  0.00000362  0.00000354  0.00000552  0.00000275  0.00000225  0.00000383  0.00000431  0.00000350  0.00000343  0.00000542  
0.00000835  0.00000464  0.00000359  0.00000940  0.00000431  0.00000384  0.00000412  0.00000464  0.00000544  0.00000412  0.00000266  0.00000359  0.00000836  0.00000431  0.00000544  0.00000835  
0.00000759  0.00000552  0.00000550  0.00000431  0.00000484  0.00000225  0.00000362  0.00000343  0.00000437  0.00000275  0.00000258  0.00000350  0.00000359  0.00000383  0.00000354  0.00000542  
0.00000421  0.00000242  0.00000258  0.00000384  0.00000225  0.00000339  0.00000232  0.00000242  0.00000266  0.00000232  0.00000356  0.00000258  0.00000266  0.00000225  0.00000266  0.00000421  
0.00000855  0.00000360  0.00000362  0.00000412  0.00000362  0.00000232  0.00000391  0.00000329  0.00000360  0.00000456  0.00000232  0.00000275  0.00000412  0.00000275  0.00000329  0.00000723  
0.00000826  0.00000843  0.00000354  0.00000464  0.00000343  0.00000242  0.00000329  0.00000636  0.00000724  0.00000360  0.00000266  0.00000437  0.00000544  0.00000552  0.00000621  0.00000803  
0.00000803  0.00000621  0.00000552  0.00000544  0.00000437  0.00000266  0.00000360  0.00000724  0.00000636  0.00000329  0.00000242  0.00000343  0.00000464  0.00000354  0.00000843  0.00000826  
0.00000723  0.00000329  0.00000275  0.00000412  0.00000275  0.00000232  0.00000456  0.00000360  0.00000329  0.00000391  0.00000232  0.00000362  0.00000412  0.00000362  0.00000360  0.00000855  
0.00000421  0.00000266  0.00000225  0.00000266  0.00000258  0.00000356  0.00000232  0.00000266  0.00000242  0.00000232  0.00000339  0.00000225  0.00000384  0.00000258  0.00000242  0.00000421  
0.00000542  0.00000354  0.00000383  0.00000359  0.00000350  0.00000258  0.00000275  0.00000437  0.00000343  0.00000362  0.00000225  0.00000484  0.00000431  0.00000550  0.00000552  0.00000759  
0.00000835  0.00000544  0.00000431  0.00000836  0.00000359  0.00000266  0.00000412  0.00000544  0.00000464  0.00000412  0.00000384  0.00000431  0.00000940  0.00000359  0.00000464  0.00000835  
0.00000542  0.00000343  0.00000350  0.00000431  0.00000383  0.00000225  0.00000275  0.00000552  0.00000354  0.00000362  0.00000258  0.00000550  0.00000359  0.00000484  0.00000437  0.00000759  
0.00000826  0.00000724  0.00000343  0.00000544  0.00000354  0.00000266  0.00000329  0.00000621  0.00000843  0.00000360  0.00000242  0.00000552  0.00000464  0.00000437  0.00000636  0.00000803  
0.00001676  0.00000826  0.00000542  0.00000835  0.00000542  0.00000421  0.00000723  0.00000803  0.00000826  0.00000855  0.00000421  0.00000759  0.00000835  0.00000759  0.00000803  0.00001789  
