0.00000343  0.00000353  0.00000353  0.00000159  0.00000353  0.00000094  0.00000082  0.00000020  0.00000353  0.00000082  0.00000094  0.00000020  0.00000159  0.00000020  0.00000020  0.00000032  
0.00000353  0.00000083  0.00000083  0.00000016  0.00000094  0.00000014  0.00000014  0.00000011  0.00000088  0.00000012  0.00000020  0.00000011  0.00000019  0.00000009  0.00000008  0.00000020  
0.00000353  0.00000083  0.00000083  0.00000016  0.00000088  0.00000020  0.00000012  0.00000011  0.00000094  0.00000014  0.00000014  0.00000011  0.00000019  0.00000008  0.00000009  0.00000020  
0.00000159  0.00000016  0.00000016  0.00000013  0.00000019  0.00000007  0.00000008  0.00000016  0.00000019  0.00000008  0.00000007  0.00000016  0.00000014  0.00000019  0.00000019  0.00000159  
0.00000353  0.00000094  0.00000088  0.00000019  0.00000083  0.00000014  0.00000012  0.00000009  0.00000083  0.00000014  0.00000020  0.00000008  0.00000016  0.00000011  0.00000011  0.00000020  
0.00000094  0.00000014  0.00000020  0.00000007  0.00000014  0.00000017  0.00000005  0.00000014  0.00000020  0.00000005  0.00000019  0.00000020  0.00000007  0.00000014  0.00000020  0.00000094  
0.00000082  0.00000014  0.00000012  0.00000008  0.00000012  0.00000005  0.00000016  0.00000012  0.00000014  0.00000015  0.00000005  0.00000014  0.00000008  0.00000014  0.00000012  0.00000082  
0.00000020  0.00000011  0.00000011  0.00000016  0.00000009  0.00000014  0.00000012  0.00000083  0.00000008  0.00000014  0.00000020  0.00000083  0.00000019  0.00000094  0.00000088  0.00000353  
0.00000353  0.00000088  0.00000094  0.00000019  0.00000083  0.00000020  0.00000014  0.00000008  0.00000083  0.00000012  0.00000014  0.00000009  0.00000016  0.00000011  0.00000011  0.00000020  
0.00000082  0.00000012  0.00000014  0.00000008  0.00000014  0.00000005  0.00000015  0.00000014  0.00000012  0.00000016  0.00000005  0.00000012  0.00000008  0.00000012  0.00000014  0.00000082  
0.00000094  0.00000020  0.00000014  0.00000007  0.00000020  0.00000019  0.00000005  0.00000020  0.00000014  0.00000005  0.00000017  0.00000014  0.00000007  0.00000020  0.00000014  0.00000094  
0.00000020  0.00000011  0.00000011  0.00000016  0.00000008  0.00000020  0.00000014  0.00000083  0.00000009  0.00000012  0.00000014  0.00000083  0.00000019  0.00000088  0.00000094  0.00000353  
0.00000159  0.00000019  0.00000019  0.00000014  0.00000016  0.00000007  0.00000008  0.00000019  0.00000016  0.00000008  0.00000007  0.00000019  0.00000013  0.00000016  0.00000016  0.00000159  
0.00000020  0.00000009  0.00000008  0.00000019  0.00000011  0.00000014  0.00000014  0.00000094  0.00000011  0.00000012  0.00000020  0.00000088  0.00000016  0.00000083  0.00000083  0.00000353  
0.00000020  0.00000008  0.00000009  0.00000019  0.00000011  0.00000020  0.00000012  0.00000088  0.00000011  0.00000014  0.00000014  0.00000094  0.00000016  0.00000083  0.00000083  0.00000353  
0.00000032  0.00000020  0.00000020  0.00000159  0.00000020  0.00000094  0.00000082  0.00000353  0.00000020  0.00000082  0.00000094  0.00000353  0.00000159  0.00000353  0.00000353  0.00000343  
