0.17930155  0.10370361  0.08081179  0.09488839  0.08081179  0.05288775  0.07205679  0.09823300  0.10370361  0.06274675  0.05288775  0.06635553  0.09488839  0.06635553  0.09823300  0.14077596  
0.10370361  0.06875762  0.04789047  0.06486229  0.04716137  0.03551543  0.04330992  0.06791530  0.06044262  0.04201397  0.03168701  0.04584618  0.05591600  0.04511464  0.05966020  0.09823300  
0.08081179  0.04789047  0.03665014  0.04411631  0.03653818  0.02452770  0.03277713  0.04584618  0.04716137  0.02926257  0.02418721  0.03117003  0.04331446  0.03109804  0.04511464  0.06635553  
0.09488839  0.06486229  0.04411631  0.06173170  0.04331446  0.03368567  0.04011424  0.06486229  0.05591600  0.04011424  0.02955419  0.04411631  0.05201443  0.04331446  0.05591600  0.09488839  
0.08081179  0.04716137  0.03653818  0.04331446  0.03665014  0.02418721  0.03277713  0.04511464  0.04789047  0.02926257  0.02452770  0.03109804  0.04411631  0.03117003  0.04584618  0.06635553  
0.05288775  0.03551543  0.02452770  0.03368567  0.02418721  0.01852100  0.02234374  0.03551543  0.03168701  0.02234374  0.01670521  0.02452770  0.02955419  0.02418721  0.03168701  0.05288775  
0.07205679  0.04330992  0.03277713  0.04011424  0.03277713  0.02234374  0.02963023  0.04201397  0.04330992  0.02729523  0.02234374  0.02926257  0.04011424  0.02926257  0.04201397  0.06274675  
0.09823300  0.06791530  0.04584618  0.06486229  0.04511464  0.03551543  0.04201397  0.06875762  0.05966020  0.04330992  0.03168701  0.04789047  0.05591600  0.04716137  0.06044262  0.10370361  
0.10370361  0.06044262  0.04716137  0.05591600  0.04789047  0.03168701  0.04330992  0.05966020  0.06875762  0.04201397  0.03551543  0.04511464  0.06486229  0.04584618  0.06791530  0.09823300  
0.06274675  0.04201397  0.02926257  0.04011424  0.02926257  0.02234374  0.02729523  0.04330992  0.04201397  0.02963023  0.02234374  0.03277713  0.04011424  0.03277713  0.04330992  0.07205679  
0.05288775  0.03168701  0.02418721  0.02955419  0.02452770  0.01670521  0.02234374  0.03168701  0.03551543  0.02234374  0.01852100  0.02418721  0.03368567  0.02452770  0.03551543  0.05288775  
0.06635553  0.04584618  0.03117003  0.04411631  0.03109804  0.02452770  0.02926257  0.04789047  0.04511464  0.03277713  0.02418721  0.03665014  0.04331446  0.03653818  0.04716137  0.08081179  
0.09488839  0.05591600  0.04331446  0.05201443  0.04411631  0.02955419  0.04011424  0.05591600  0.06486229  0.04011424  0.03368567  0.04331446  0.06173170  0.04411631  0.06486229  0.09488839  
0.06635553  0.04511464  0.03109804  0.04331446  0.03117003  0.02418721  0.02926257  0.04716137  0.04584618  0.03277713  0.02452770  0.03653818  0.04411631  0.03665014  0.04789047  0.08081179  
0.09823300  0.05966020  0.04511464  0.05591600  0.04584618  0.03168701  0.04201397  0.06044262  0.06791530  0.04330992  0.03551543  0.04716137  0.06486229  0.04789047  0.06875762  0.10370361  
0.14077596  0.09823300  0.06635553  0.09488839  0.06635553  0.05288775  0.06274675  0.10370361  0.09823300  0.07205679  0.05288775  0.08081179  0.09488839  0.08081179  0.10370361  0.17930155  
