0.00000614  0.00000351  0.00000269  0.00000313  0.00000269  0.00000264  0.00000341  0.00000307  0.00000351  0.00000290  0.00000264  0.00000277  0.00000313  0.00000277  0.00000307  0.00000630  
0.00000351  0.00000201  0.00000221  0.00000252  0.00000208  0.00000156  0.00000198  0.00000275  0.00000337  0.00000193  0.00000221  0.00000264  0.00000215  0.00000228  0.00000345  0.00000307  
0.00000269  0.00000221  0.00000249  0.00000197  0.00000243  0.00000142  0.00000167  0.00000264  0.00000208  0.00000218  0.00000152  0.00000263  0.00000195  0.00000241  0.00000228  0.00000277  
0.00000313  0.00000252  0.00000197  0.00000385  0.00000195  0.00000216  0.00000196  0.00000252  0.00000215  0.00000196  0.00000249  0.00000197  0.00000479  0.00000195  0.00000215  0.00000313  
0.00000269  0.00000208  0.00000243  0.00000195  0.00000249  0.00000152  0.00000167  0.00000228  0.00000221  0.00000218  0.00000142  0.00000241  0.00000197  0.00000263  0.00000264  0.00000277  
0.00000264  0.00000156  0.00000142  0.00000216  0.00000152  0.00000250  0.00000167  0.00000156  0.00000221  0.00000167  0.00000304  0.00000142  0.00000249  0.00000152  0.00000221  0.00000264  
0.00000341  0.00000198  0.00000167  0.00000196  0.00000167  0.00000167  0.00000225  0.00000193  0.00000198  0.00000264  0.00000167  0.00000218  0.00000196  0.00000218  0.00000193  0.00000290  
0.00000307  0.00000275  0.00000264  0.00000252  0.00000228  0.00000156  0.00000193  0.00000201  0.00000345  0.00000198  0.00000221  0.00000221  0.00000215  0.00000208  0.00000337  0.00000351  
0.00000351  0.00000337  0.00000208  0.00000215  0.00000221  0.00000221  0.00000198  0.00000345  0.00000201  0.00000193  0.00000156  0.00000228  0.00000252  0.00000264  0.00000275  0.00000307  
0.00000290  0.00000193  0.00000218  0.00000196  0.00000218  0.00000167  0.00000264  0.00000198  0.00000193  0.00000225  0.00000167  0.00000167  0.00000196  0.00000167  0.00000198  0.00000341  
0.00000264  0.00000221  0.00000152  0.00000249  0.00000142  0.00000304  0.00000167  0.00000221  0.00000156  0.00000167  0.00000250  0.00000152  0.00000216  0.00000142  0.00000156  0.00000264  
0.00000277  0.00000264  0.00000263  0.00000197  0.00000241  0.00000142  0.00000218  0.00000221  0.00000228  0.00000167  0.00000152  0.00000249  0.00000195  0.00000243  0.00000208  0.00000269  
0.00000313  0.00000215  0.00000195  0.00000479  0.00000197  0.00000249  0.00000196  0.00000215  0.00000252  0.00000196  0.00000216  0.00000195  0.00000385  0.00000197  0.00000252  0.00000313  
0.00000277  0.00000228  0.00000241  0.00000195  0.00000263  0.00000152  0.00000218  0.00000208  0.00000264  0.00000167  0.00000142  0.00000243  0.00000197  0.00000249  0.00000221  0.00000269  
0.00000307  0.00000345  0.00000228  0.00000215  0.00000264  0.00000221  0.00000193  0.00000337  0.00000275  0.00000198  0.00000156  0.00000208  0.00000252  0.00000221  0.00000201  0.00000351  
0.00000630  0.00000307  0.00000277  0.00000313  0.00000277  0.00000264  0.00000290  0.00000351  0.00000307  0.00000341  0.00000264  0.00000269  0.00000313  0.00000269  0.00000351  0.00000614  
