0.47927132  0.04895356  0.04843768  0.00996189  0.04843768  0.00500504  0.00979891  0.00259255  0.04895356  0.00501450  0.00500504  0.00111032  0.00996189  0.00111032  0.00259255  0.00145201  
0.04895356  0.00506793  0.00495305  0.00108534  0.00495297  0.00054241  0.00102718  0.00052459  0.00501298  0.00056731  0.00053666  0.00036182  0.00106915  0.00036126  0.00051452  0.00259255  
0.04843768  0.00495305  0.00490185  0.00102753  0.00489774  0.00051590  0.00100067  0.00036182  0.00495297  0.00052655  0.00051580  0.00020968  0.00102717  0.00020968  0.00036126  0.00111032  
0.00996189  0.00108534  0.00102753  0.00042579  0.00102717  0.00021040  0.00030900  0.00108534  0.00106915  0.00030900  0.00020743  0.00102753  0.00041394  0.00102717  0.00106915  0.00996189  
0.04843768  0.00495297  0.00489774  0.00102717  0.00490185  0.00051580  0.00100067  0.00036126  0.00495305  0.00052655  0.00051590  0.00020968  0.00102753  0.00020968  0.00036182  0.00111032  
0.00500504  0.00054241  0.00051590  0.00021040  0.00051580  0.00010738  0.00015493  0.00054241  0.00053666  0.00015493  0.00010439  0.00051590  0.00020743  0.00051580  0.00053666  0.00500504  
0.00979891  0.00102718  0.00100067  0.00030900  0.00100067  0.00015493  0.00025595  0.00056731  0.00102718  0.00020441  0.00015493  0.00052655  0.00030900  0.00052655  0.00056731  0.00501450  
0.00259255  0.00052459  0.00036182  0.00108534  0.00036126  0.00054241  0.00056731  0.00506793  0.00051452  0.00102718  0.00053666  0.00495305  0.00106915  0.00495297  0.00501298  0.04895356  
0.04895356  0.00501298  0.00495297  0.00106915  0.00495305  0.00053666  0.00102718  0.00051452  0.00506793  0.00056731  0.00054241  0.00036126  0.00108534  0.00036182  0.00052459  0.00259255  
0.00501450  0.00056731  0.00052655  0.00030900  0.00052655  0.00015493  0.00020441  0.00102718  0.00056731  0.00025595  0.00015493  0.00100067  0.00030900  0.00100067  0.00102718  0.00979891  
0.00500504  0.00053666  0.00051580  0.00020743  0.00051590  0.00010439  0.00015493  0.00053666  0.00054241  0.00015493  0.00010738  0.00051580  0.00021040  0.00051590  0.00054241  0.00500504  
0.00111032  0.00036182  0.00020968  0.00102753  0.00020968  0.00051590  0.00052655  0.00495305  0.00036126  0.00100067  0.00051580  0.00490185  0.00102717  0.00489774  0.00495297  0.04843768  
0.00996189  0.00106915  0.00102717  0.00041394  0.00102753  0.00020743  0.00030900  0.00106915  0.00108534  0.00030900  0.00021040  0.00102717  0.00042579  0.00102753  0.00108534  0.00996189  
0.00111032  0.00036126  0.00020968  0.00102717  0.00020968  0.00051580  0.00052655  0.00495297  0.00036182  0.00100067  0.00051590  0.00489774  0.00102753  0.00490185  0.00495305  0.04843768  
0.00259255  0.00051452  0.00036126  0.00106915  0.00036182  0.00053666  0.00056731  0.00501298  0.00052459  0.00102718  0.00054241  0.00495297  0.00108534  0.00495305  0.00506793  0.04895356  
0.00145201  0.00259255  0.00111032  0.00996189  0.00111032  0.00500504  0.00501450  0.04895356  0.00259255  0.00979891  0.00500504  0.04843768  0.00996189  0.04843768  0.04895356  0.47927132  
