0.00003754  0.00001870  0.00001870  0.00002326  0.00001870  0.00002393  0.00002600  0.00002479  0.00001870  0.00002600  0.00002393  0.00002479  0.00002326  0.00002479  0.00002479  0.00004593  
0.00001870  0.00001490  0.00002514  0.00002257  0.00003041  0.00001882  0.00002489  0.00002370  0.00002382  0.00002134  0.00002039  0.00002256  0.00002253  0.00002616  0.00002988  0.00002479  
0.00001870  0.00002514  0.00001490  0.00002257  0.00002382  0.00002039  0.00002134  0.00002256  0.00003041  0.00002489  0.00001882  0.00002370  0.00002253  0.00002988  0.00002616  0.00002479  
0.00002326  0.00002257  0.00002257  0.00003912  0.00002253  0.00002348  0.00002491  0.00002257  0.00002253  0.00002491  0.00002348  0.00002257  0.00004197  0.00002253  0.00002253  0.00002326  
0.00001870  0.00003041  0.00002382  0.00002253  0.00001490  0.00001882  0.00002134  0.00002616  0.00002514  0.00002489  0.00002039  0.00002988  0.00002257  0.00002370  0.00002256  0.00002479  
0.00002393  0.00001882  0.00002039  0.00002348  0.00001882  0.00004025  0.00002588  0.00001882  0.00002039  0.00002588  0.00003651  0.00002039  0.00002348  0.00001882  0.00002039  0.00002393  
0.00002600  0.00002489  0.00002134  0.00002491  0.00002134  0.00002588  0.00004861  0.00002134  0.00002489  0.00003720  0.00002588  0.00002489  0.00002491  0.00002489  0.00002134  0.00002600  
0.00002479  0.00002370  0.00002256  0.00002257  0.00002616  0.00001882  0.00002134  0.00001490  0.00002988  0.00002489  0.00002039  0.00002514  0.00002253  0.00003041  0.00002382  0.00001870  
0.00001870  0.00002382  0.00003041  0.00002253  0.00002514  0.00002039  0.00002489  0.00002988  0.00001490  0.00002134  0.00001882  0.00002616  0.00002257  0.00002256  0.00002370  0.00002479  
0.00002600  0.00002134  0.00002489  0.00002491  0.00002489  0.00002588  0.00003720  0.00002489  0.00002134  0.00004861  0.00002588  0.00002134  0.00002491  0.00002134  0.00002489  0.00002600  
0.00002393  0.00002039  0.00001882  0.00002348  0.00002039  0.00003651  0.00002588  0.00002039  0.00001882  0.00002588  0.00004025  0.00001882  0.00002348  0.00002039  0.00001882  0.00002393  
0.00002479  0.00002256  0.00002370  0.00002257  0.00002988  0.00002039  0.00002489  0.00002514  0.00002616  0.00002134  0.00001882  0.00001490  0.00002253  0.00002382  0.00003041  0.00001870  
0.00002326  0.00002253  0.00002253  0.00004197  0.00002257  0.00002348  0.00002491  0.00002253  0.00002257  0.00002491  0.00002348  0.00002253  0.00003912  0.00002257  0.00002257  0.00002326  
0.00002479  0.00002616  0.00002988  0.00002253  0.00002370  0.00001882  0.00002489  0.00003041  0.00002256  0.00002134  0.00002039  0.00002382  0.00002257  0.00001490  0.00002514  0.00001870  
0.00002479  0.00002988  0.00002616  0.00002253  0.00002256  0.00002039  0.00002134  0.00002382  0.00002370  0.00002489  0.00001882  0.00003041  0.00002257  0.00002514  0.00001490  0.00001870  
0.00004593  0.00002479  0.00002479  0.00002326  0.00002479  0.00002393  0.00002600  0.00001870  0.00002479  0.00002600  0.00002393  0.00001870  0.00002326  0.00001870  0.00001870  0.00003754  
