0.00001923  0.00000999  0.00000699  0.00001062  0.00000699  0.00000626  0.00000843  0.00000936  0.00000999  0.00000844  0.00000626  0.00000760  0.00001062  0.00000760  0.00000936  0.00001853  
0.00000999  0.00000809  0.00000493  0.00000672  0.00000570  0.00000465  0.00000510  0.00000804  0.00000830  0.00000510  0.00000332  0.00000471  0.00000514  0.00000651  0.00000745  0.00000936  
0.00000699  0.00000493  0.00000494  0.00000419  0.00000570  0.00000313  0.00000368  0.00000471  0.00000570  0.00000342  0.00000299  0.00000374  0.00000581  0.00000394  0.00000651  0.00000760  
0.00001062  0.00000672  0.00000419  0.00001094  0.00000581  0.00000471  0.00000487  0.00000672  0.00000514  0.00000487  0.00000478  0.00000419  0.00000725  0.00000581  0.00000514  0.00001062  
0.00000699  0.00000570  0.00000570  0.00000581  0.00000494  0.00000299  0.00000368  0.00000651  0.00000493  0.00000342  0.00000313  0.00000394  0.00000419  0.00000374  0.00000471  0.00000760  
0.00000626  0.00000465  0.00000313  0.00000471  0.00000299  0.00000413  0.00000273  0.00000465  0.00000332  0.00000273  0.00000375  0.00000313  0.00000478  0.00000299  0.00000332  0.00000626  
0.00000843  0.00000510  0.00000368  0.00000487  0.00000368  0.00000273  0.00000641  0.00000510  0.00000510  0.00000660  0.00000273  0.00000342  0.00000487  0.00000342  0.00000510  0.00000844  
0.00000936  0.00000804  0.00000471  0.00000672  0.00000651  0.00000465  0.00000510  0.00000809  0.00000745  0.00000510  0.00000332  0.00000493  0.00000514  0.00000570  0.00000830  0.00000999  
0.00000999  0.00000830  0.00000570  0.00000514  0.00000493  0.00000332  0.00000510  0.00000745  0.00000809  0.00000510  0.00000465  0.00000651  0.00000672  0.00000471  0.00000804  0.00000936  
0.00000844  0.00000510  0.00000342  0.00000487  0.00000342  0.00000273  0.00000660  0.00000510  0.00000510  0.00000641  0.00000273  0.00000368  0.00000487  0.00000368  0.00000510  0.00000843  
0.00000626  0.00000332  0.00000299  0.00000478  0.00000313  0.00000375  0.00000273  0.00000332  0.00000465  0.00000273  0.00000413  0.00000299  0.00000471  0.00000313  0.00000465  0.00000626  
0.00000760  0.00000471  0.00000374  0.00000419  0.00000394  0.00000313  0.00000342  0.00000493  0.00000651  0.00000368  0.00000299  0.00000494  0.00000581  0.00000570  0.00000570  0.00000699  
0.00001062  0.00000514  0.00000581  0.00000725  0.00000419  0.00000478  0.00000487  0.00000514  0.00000672  0.00000487  0.00000471  0.00000581  0.00001094  0.00000419  0.00000672  0.00001062  
0.00000760  0.00000651  0.00000394  0.00000581  0.00000374  0.00000299  0.00000342  0.00000570  0.00000471  0.00000368  0.00000313  0.00000570  0.00000419  0.00000494  0.00000493  0.00000699  
0.00000936  0.00000745  0.00000651  0.00000514  0.00000471  0.00000332  0.00000510  0.00000830  0.00000804  0.00000510  0.00000465  0.00000570  0.00000672  0.00000493  0.00000809  0.00000999  
0.00001853  0.00000936  0.00000760  0.00001062  0.00000760  0.00000626  0.00000844  0.00000999  0.00000936  0.00000843  0.00000626  0.00000699  0.00001062  0.00000699  0.00000999  0.00001923  
