0.00005017  0.00001188  0.00001188  0.00002444  0.00001188  0.00001856  0.00001455  0.00001373  0.00001188  0.00001455  0.00001856  0.00001373  0.00002444  0.00001373  0.00001373  0.00005122  
0.00001188  0.00001203  0.00001266  0.00000980  0.00001541  0.00001131  0.00000820  0.00001189  0.00000937  0.00000851  0.00000778  0.00001118  0.00001092  0.00001568  0.00001422  0.00001373  
0.00001188  0.00001266  0.00001203  0.00000980  0.00000937  0.00000778  0.00000851  0.00001118  0.00001541  0.00000820  0.00001131  0.00001189  0.00001092  0.00001422  0.00001568  0.00001373  
0.00002444  0.00000980  0.00000980  0.00001882  0.00001092  0.00001138  0.00001077  0.00000980  0.00001092  0.00001077  0.00001138  0.00000980  0.00002639  0.00001092  0.00001092  0.00002444  
0.00001188  0.00001541  0.00000937  0.00001092  0.00001203  0.00001131  0.00000851  0.00001568  0.00001266  0.00000820  0.00000778  0.00001422  0.00000980  0.00001189  0.00001118  0.00001373  
0.00001856  0.00001131  0.00000778  0.00001138  0.00001131  0.00002131  0.00001243  0.00001131  0.00000778  0.00001243  0.00001718  0.00000778  0.00001138  0.00001131  0.00000778  0.00001856  
0.00001455  0.00000820  0.00000851  0.00001077  0.00000851  0.00001243  0.00001280  0.00000851  0.00000820  0.00001464  0.00001243  0.00000820  0.00001077  0.00000820  0.00000851  0.00001455  
0.00001373  0.00001189  0.00001118  0.00000980  0.00001568  0.00001131  0.00000851  0.00001203  0.00001422  0.00000820  0.00000778  0.00001266  0.00001092  0.00001541  0.00000937  0.00001188  
0.00001188  0.00000937  0.00001541  0.00001092  0.00001266  0.00000778  0.00000820  0.00001422  0.00001203  0.00000851  0.00001131  0.00001568  0.00000980  0.00001118  0.00001189  0.00001373  
0.00001455  0.00000851  0.00000820  0.00001077  0.00000820  0.00001243  0.00001464  0.00000820  0.00000851  0.00001280  0.00001243  0.00000851  0.00001077  0.00000851  0.00000820  0.00001455  
0.00001856  0.00000778  0.00001131  0.00001138  0.00000778  0.00001718  0.00001243  0.00000778  0.00001131  0.00001243  0.00002131  0.00001131  0.00001138  0.00000778  0.00001131  0.00001856  
0.00001373  0.00001118  0.00001189  0.00000980  0.00001422  0.00000778  0.00000820  0.00001266  0.00001568  0.00000851  0.00001131  0.00001203  0.00001092  0.00000937  0.00001541  0.00001188  
0.00002444  0.00001092  0.00001092  0.00002639  0.00000980  0.00001138  0.00001077  0.00001092  0.00000980  0.00001077  0.00001138  0.00001092  0.00001882  0.00000980  0.00000980  0.00002444  
0.00001373  0.00001568  0.00001422  0.00001092  0.00001189  0.00001131  0.00000820  0.00001541  0.00001118  0.00000851  0.00000778  0.00000937  0.00000980  0.00001203  0.00001266  0.00001188  
0.00001373  0.00001422  0.00001568  0.00001092  0.00001118  0.00000778  0.00000851  0.00000937  0.00001189  0.00000820  0.00001131  0.00001541  0.00000980  0.00001266  0.00001203  0.00001188  
0.00005122  0.00001373  0.00001373  0.00002444  0.00001373  0.00001856  0.00001455  0.00001188  0.00001373  0.00001455  0.00001856  0.00001188  0.00002444  0.00001188  0.00001188  0.00005017  
