0.00001654  0.00000823  0.00000823  0.00000600  0.00000823  0.00000571  0.00000463  0.00000338  0.00000823  0.00000463  0.00000571  0.00000338  0.00000600  0.00000338  0.00000338  0.00000745  
0.00000823  0.00000407  0.00000477  0.00000213  0.00000469  0.00000244  0.00000175  0.00000275  0.00000511  0.00000209  0.00000327  0.00000320  0.00000282  0.00000275  0.00000290  0.00000338  
0.00000823  0.00000477  0.00000407  0.00000213  0.00000511  0.00000327  0.00000209  0.00000320  0.00000469  0.00000175  0.00000244  0.00000275  0.00000282  0.00000290  0.00000275  0.00000338  
0.00000600  0.00000213  0.00000213  0.00000468  0.00000282  0.00000319  0.00000247  0.00000213  0.00000282  0.00000247  0.00000319  0.00000213  0.00000503  0.00000282  0.00000282  0.00000600  
0.00000823  0.00000469  0.00000511  0.00000282  0.00000407  0.00000244  0.00000209  0.00000275  0.00000477  0.00000175  0.00000327  0.00000290  0.00000213  0.00000275  0.00000320  0.00000338  
0.00000571  0.00000244  0.00000327  0.00000319  0.00000244  0.00000446  0.00000221  0.00000244  0.00000327  0.00000221  0.00000532  0.00000327  0.00000319  0.00000244  0.00000327  0.00000571  
0.00000463  0.00000175  0.00000209  0.00000247  0.00000209  0.00000221  0.00000430  0.00000209  0.00000175  0.00000402  0.00000221  0.00000175  0.00000247  0.00000175  0.00000209  0.00000463  
0.00000338  0.00000275  0.00000320  0.00000213  0.00000275  0.00000244  0.00000209  0.00000407  0.00000290  0.00000175  0.00000327  0.00000477  0.00000282  0.00000469  0.00000511  0.00000823  
0.00000823  0.00000511  0.00000469  0.00000282  0.00000477  0.00000327  0.00000175  0.00000290  0.00000407  0.00000209  0.00000244  0.00000275  0.00000213  0.00000320  0.00000275  0.00000338  
0.00000463  0.00000209  0.00000175  0.00000247  0.00000175  0.00000221  0.00000402  0.00000175  0.00000209  0.00000430  0.00000221  0.00000209  0.00000247  0.00000209  0.00000175  0.00000463  
0.00000571  0.00000327  0.00000244  0.00000319  0.00000327  0.00000532  0.00000221  0.00000327  0.00000244  0.00000221  0.00000446  0.00000244  0.00000319  0.00000327  0.00000244  0.00000571  
0.00000338  0.00000320  0.00000275  0.00000213  0.00000290  0.00000327  0.00000175  0.00000477  0.00000275  0.00000209  0.00000244  0.00000407  0.00000282  0.00000511  0.00000469  0.00000823  
0.00000600  0.00000282  0.00000282  0.00000503  0.00000213  0.00000319  0.00000247  0.00000282  0.00000213  0.00000247  0.00000319  0.00000282  0.00000468  0.00000213  0.00000213  0.00000600  
0.00000338  0.00000275  0.00000290  0.00000282  0.00000275  0.00000244  0.00000175  0.00000469  0.00000320  0.00000209  0.00000327  0.00000511  0.00000213  0.00000407  0.00000477  0.00000823  
0.00000338  0.00000290  0.00000275  0.00000282  0.00000320  0.00000327  0.00000209  0.00000511  0.00000275  0.00000175  0.00000244  0.00000469  0.00000213  0.00000477  0.00000407  0.00000823  
0.00000745  0.00000338  0.00000338  0.00000600  0.00000338  0.00000571  0.00000463  0.00000823  0.00000338  0.00000463  0.00000571  0.00000823  0.00000600  0.00000823  0.00000823  0.00001654  
