0.00001966  0.00000822  0.00000822  0.00001261  0.00000822  0.00001217  0.00001280  0.00001057  0.00000822  0.00001280  0.00001217  0.00001057  0.00001261  0.00001057  0.00001057  0.00002475  
0.00000822  0.00000662  0.00001045  0.00000614  0.00000996  0.00000824  0.00000731  0.00000923  0.00001322  0.00000837  0.00000837  0.00001063  0.00000911  0.00000832  0.00001145  0.00001057  
0.00000822  0.00001045  0.00000662  0.00000614  0.00001322  0.00000837  0.00000837  0.00001063  0.00000996  0.00000731  0.00000824  0.00000923  0.00000911  0.00001145  0.00000832  0.00001057  
0.00001261  0.00000614  0.00000614  0.00001767  0.00000911  0.00000889  0.00000841  0.00000614  0.00000911  0.00000841  0.00000889  0.00000614  0.00001993  0.00000911  0.00000911  0.00001261  
0.00000822  0.00000996  0.00001322  0.00000911  0.00000662  0.00000824  0.00000837  0.00000832  0.00001045  0.00000731  0.00000837  0.00001145  0.00000614  0.00000923  0.00001063  0.00001057  
0.00001217  0.00000824  0.00000837  0.00000889  0.00000824  0.00001792  0.00000870  0.00000824  0.00000837  0.00000870  0.00001926  0.00000837  0.00000889  0.00000824  0.00000837  0.00001217  
0.00001280  0.00000731  0.00000837  0.00000841  0.00000837  0.00000870  0.00001389  0.00000837  0.00000731  0.00001577  0.00000870  0.00000731  0.00000841  0.00000731  0.00000837  0.00001280  
0.00001057  0.00000923  0.00001063  0.00000614  0.00000832  0.00000824  0.00000837  0.00000662  0.00001145  0.00000731  0.00000837  0.00001045  0.00000911  0.00000996  0.00001322  0.00000822  
0.00000822  0.00001322  0.00000996  0.00000911  0.00001045  0.00000837  0.00000731  0.00001145  0.00000662  0.00000837  0.00000824  0.00000832  0.00000614  0.00001063  0.00000923  0.00001057  
0.00001280  0.00000837  0.00000731  0.00000841  0.00000731  0.00000870  0.00001577  0.00000731  0.00000837  0.00001389  0.00000870  0.00000837  0.00000841  0.00000837  0.00000731  0.00001280  
0.00001217  0.00000837  0.00000824  0.00000889  0.00000837  0.00001926  0.00000870  0.00000837  0.00000824  0.00000870  0.00001792  0.00000824  0.00000889  0.00000837  0.00000824  0.00001217  
0.00001057  0.00001063  0.00000923  0.00000614  0.00001145  0.00000837  0.00000731  0.00001045  0.00000832  0.00000837  0.00000824  0.00000662  0.00000911  0.00001322  0.00000996  0.00000822  
0.00001261  0.00000911  0.00000911  0.00001993  0.00000614  0.00000889  0.00000841  0.00000911  0.00000614  0.00000841  0.00000889  0.00000911  0.00001767  0.00000614  0.00000614  0.00001261  
0.00001057  0.00000832  0.00001145  0.00000911  0.00000923  0.00000824  0.00000731  0.00000996  0.00001063  0.00000837  0.00000837  0.00001322  0.00000614  0.00000662  0.00001045  0.00000822  
0.00001057  0.00001145  0.00000832  0.00000911  0.00001063  0.00000837  0.00000837  0.00001322  0.00000923  0.00000731  0.00000824  0.00000996  0.00000614  0.00001045  0.00000662  0.00000822  
0.00002475  0.00001057  0.00001057  0.00001261  0.00001057  0.00001217  0.00001280  0.00000822  0.00001057  0.00001280  0.00001217  0.00000822  0.00001261  0.00000822  0.00000822  0.00001966  
