0.07622533  0.06845870  0.06845870  0.06786965  0.06845870  0.06786826  0.06184682  0.06761752  0.06845870  0.06184682  0.06786826  0.06761752  0.06786965  0.06761752  0.06761752  0.07429304  
0.06845870  0.06218691  0.06163265  0.06167955  0.06162020  0.06167252  0.05574513  0.06152933  0.06156359  0.05615195  0.06111305  0.06147095  0.06110133  0.06146462  0.06097271  0.06761752  
0.06845870  0.06163265  0.06218691  0.06167955  0.06156359  0.06111305  0.05615195  0.06147095  0.06162020  0.05574513  0.06167252  0.06152933  0.06110133  0.06097271  0.06146462  0.06761752  
0.06786965  0.06167955  0.06167955  0.06188529  0.06110133  0.06123411  0.05580458  0.06167955  0.06110133  0.05580458  0.06123411  0.06167955  0.06065805  0.06110133  0.06110133  0.06786965  
0.06845870  0.06162020  0.06156359  0.06110133  0.06218691  0.06167252  0.05615195  0.06146462  0.06163265  0.05574513  0.06111305  0.06097271  0.06167955  0.06152933  0.06147095  0.06761752  
0.06786826  0.06167252  0.06111305  0.06123411  0.06167252  0.06185778  0.05580967  0.06167252  0.06111305  0.05580967  0.06069644  0.06111305  0.06123411  0.06167252  0.06111305  0.06786826  
0.06184682  0.05574513  0.05615195  0.05580458  0.05615195  0.05580967  0.05128394  0.05615195  0.05574513  0.05049777  0.05580967  0.05574513  0.05580458  0.05574513  0.05615195  0.06184682  
0.06761752  0.06152933  0.06147095  0.06167955  0.06146462  0.06167252  0.05615195  0.06218691  0.06097271  0.05574513  0.06111305  0.06163265  0.06110133  0.06162020  0.06156359  0.06845870  
0.06845870  0.06156359  0.06162020  0.06110133  0.06163265  0.06111305  0.05574513  0.06097271  0.06218691  0.05615195  0.06167252  0.06146462  0.06167955  0.06147095  0.06152933  0.06761752  
0.06184682  0.05615195  0.05574513  0.05580458  0.05574513  0.05580967  0.05049777  0.05574513  0.05615195  0.05128394  0.05580967  0.05615195  0.05580458  0.05615195  0.05574513  0.06184682  
0.06786826  0.06111305  0.06167252  0.06123411  0.06111305  0.06069644  0.05580967  0.06111305  0.06167252  0.05580967  0.06185778  0.06167252  0.06123411  0.06111305  0.06167252  0.06786826  
0.06761752  0.06147095  0.06152933  0.06167955  0.06097271  0.06111305  0.05574513  0.06163265  0.06146462  0.05615195  0.06167252  0.06218691  0.06110133  0.06156359  0.06162020  0.06845870  
0.06786965  0.06110133  0.06110133  0.06065805  0.06167955  0.06123411  0.05580458  0.06110133  0.06167955  0.05580458  0.06123411  0.06110133  0.06188529  0.06167955  0.06167955  0.06786965  
0.06761752  0.06146462  0.06097271  0.06110133  0.06152933  0.06167252  0.05574513  0.06162020  0.06147095  0.05615195  0.06111305  0.06156359  0.06167955  0.06218691  0.06163265  0.06845870  
0.06761752  0.06097271  0.06146462  0.06110133  0.06147095  0.06111305  0.05615195  0.06156359  0.06152933  0.05574513  0.06167252  0.06162020  0.06167955  0.06163265  0.06218691  0.06845870  
0.07429304  0.06761752  0.06761752  0.06786965  0.06761752  0.06786826  0.06184682  0.06845870  0.06761752  0.06184682  0.06786826  0.06845870  0.06786965  0.06845870  0.06845870  0.07622533  
