0.07635990  0.06851929  0.06851929  0.06789721  0.06851929  0.06789711  0.06185852  0.06762385  0.06851929  0.06185852  0.06789711  0.06762385  0.06789721  0.06762385  0.06762385  0.07433510  
0.06851929  0.06218068  0.06164524  0.06166597  0.06164296  0.06167043  0.05573107  0.06152565  0.06156754  0.05612531  0.06109692  0.06144407  0.06109701  0.06144837  0.06095890  0.06762385  
0.06851929  0.06164524  0.06218068  0.06166597  0.06156754  0.06109692  0.05612531  0.06144407  0.06164296  0.05573107  0.06167043  0.06152565  0.06109701  0.06095890  0.06144837  0.06762385  
0.06789721  0.06166597  0.06166597  0.06184279  0.06109701  0.06122196  0.05578559  0.06166597  0.06109701  0.05578559  0.06122196  0.06166597  0.06065826  0.06109701  0.06109701  0.06789721  
0.06851929  0.06164296  0.06156754  0.06109701  0.06218068  0.06167043  0.05612531  0.06144837  0.06164524  0.05573107  0.06109692  0.06095890  0.06166597  0.06152565  0.06144407  0.06762385  
0.06789711  0.06167043  0.06109692  0.06122196  0.06167043  0.06183531  0.05578298  0.06167043  0.06109692  0.05578298  0.06066941  0.06109692  0.06122196  0.06167043  0.06109692  0.06789711  
0.06185852  0.05573107  0.05612531  0.05578559  0.05612531  0.05578298  0.05123928  0.05612531  0.05573107  0.05047591  0.05578298  0.05573107  0.05578559  0.05573107  0.05612531  0.06185852  
0.06762385  0.06152565  0.06144407  0.06166597  0.06144837  0.06167043  0.05612531  0.06218068  0.06095890  0.05573107  0.06109692  0.06164524  0.06109701  0.06164296  0.06156754  0.06851929  
0.06851929  0.06156754  0.06164296  0.06109701  0.06164524  0.06109692  0.05573107  0.06095890  0.06218068  0.05612531  0.06167043  0.06144837  0.06166597  0.06144407  0.06152565  0.06762385  
0.06185852  0.05612531  0.05573107  0.05578559  0.05573107  0.05578298  0.05047591  0.05573107  0.05612531  0.05123928  0.05578298  0.05612531  0.05578559  0.05612531  0.05573107  0.06185852  
0.06789711  0.06109692  0.06167043  0.06122196  0.06109692  0.06066941  0.05578298  0.06109692  0.06167043  0.05578298  0.06183531  0.06167043  0.06122196  0.06109692  0.06167043  0.06789711  
0.06762385  0.06144407  0.06152565  0.06166597  0.06095890  0.06109692  0.05573107  0.06164524  0.06144837  0.05612531  0.06167043  0.06218068  0.06109701  0.06156754  0.06164296  0.06851929  
0.06789721  0.06109701  0.06109701  0.06065826  0.06166597  0.06122196  0.05578559  0.06109701  0.06166597  0.05578559  0.06122196  0.06109701  0.06184279  0.06166597  0.06166597  0.06789721  
0.06762385  0.06144837  0.06095890  0.06109701  0.06152565  0.06167043  0.05573107  0.06164296  0.06144407  0.05612531  0.06109692  0.06156754  0.06166597  0.06218068  0.06164524  0.06851929  
0.06762385  0.06095890  0.06144837  0.06109701  0.06144407  0.06109692  0.05612531  0.06156754  0.06152565  0.05573107  0.06167043  0.06164296  0.06166597  0.06164524  0.06218068  0.06851929  
0.07433510  0.06762385  0.06762385  0.06789721  0.06762385  0.06789711  0.06185852  0.06851929  0.06762385  0.06185852  0.06789711  0.06851929  0.06789721  0.06851929  0.06851929  0.07635990  
