0.10556312  0.07761566  0.07761566  0.07106484  0.07761566  0.07107792  0.05928495  0.06777510  0.07761566  0.05928495  0.07107792  0.06777510  0.07106484  0.06777510  0.06777510  0.08079223  
0.07761566  0.06045366  0.05853979  0.05685006  0.05853057  0.05685423  0.04591396  0.05576149  0.05809911  0.04702990  0.05461420  0.05531175  0.05461216  0.05532242  0.05353738  0.06777510  
0.07761566  0.05853979  0.06045366  0.05685006  0.05809911  0.05461420  0.04702990  0.05531175  0.05853057  0.04591396  0.05685423  0.05576149  0.05461216  0.05353738  0.05532242  0.06777510  
0.07106484  0.05685006  0.05685006  0.05686180  0.05461216  0.05456567  0.04550857  0.05685006  0.05461216  0.04550857  0.05456567  0.05685006  0.05239819  0.05461216  0.05461216  0.07106484  
0.07761566  0.05853057  0.05809911  0.05461216  0.06045366  0.05685423  0.04702990  0.05532242  0.05853979  0.04591396  0.05461420  0.05353738  0.05685006  0.05576149  0.05531175  0.06777510  
0.07107792  0.05685423  0.05461420  0.05456567  0.05685423  0.05686220  0.04550492  0.05685423  0.05461420  0.04550492  0.05238459  0.05461420  0.05456567  0.05685423  0.05461420  0.07107792  
0.05928495  0.04591396  0.04702990  0.04550857  0.04702990  0.04550492  0.03889826  0.04702990  0.04591396  0.03705444  0.04550492  0.04591396  0.04550857  0.04591396  0.04702990  0.05928495  
0.06777510  0.05576149  0.05531175  0.05685006  0.05532242  0.05685423  0.04702990  0.06045366  0.05353738  0.04591396  0.05461420  0.05853979  0.05461216  0.05853057  0.05809911  0.07761566  
0.07761566  0.05809911  0.05853057  0.05461216  0.05853979  0.05461420  0.04591396  0.05353738  0.06045366  0.04702990  0.05685423  0.05532242  0.05685006  0.05531175  0.05576149  0.06777510  
0.05928495  0.04702990  0.04591396  0.04550857  0.04591396  0.04550492  0.03705444  0.04591396  0.04702990  0.03889826  0.04550492  0.04702990  0.04550857  0.04702990  0.04591396  0.05928495  
0.07107792  0.05461420  0.05685423  0.05456567  0.05461420  0.05238459  0.04550492  0.05461420  0.05685423  0.04550492  0.05686220  0.05685423  0.05456567  0.05461420  0.05685423  0.07107792  
0.06777510  0.05531175  0.05576149  0.05685006  0.05353738  0.05461420  0.04591396  0.05853979  0.05532242  0.04702990  0.05685423  0.06045366  0.05461216  0.05809911  0.05853057  0.07761566  
0.07106484  0.05461216  0.05461216  0.05239819  0.05685006  0.05456567  0.04550857  0.05461216  0.05685006  0.04550857  0.05456567  0.05461216  0.05686180  0.05685006  0.05685006  0.07106484  
0.06777510  0.05532242  0.05353738  0.05461216  0.05576149  0.05685423  0.04591396  0.05853057  0.05531175  0.04702990  0.05461420  0.05809911  0.05685006  0.06045366  0.05853979  0.07761566  
0.06777510  0.05353738  0.05532242  0.05461216  0.05531175  0.05461420  0.04702990  0.05809911  0.05576149  0.04591396  0.05685423  0.05853057  0.05685006  0.05853979  0.06045366  0.07761566  
0.08079223  0.06777510  0.06777510  0.07106484  0.06777510  0.07107792  0.05928495  0.07761566  0.06777510  0.05928495  0.07107792  0.07761566  0.07106484  0.07761566  0.07761566  0.10556312  
