0.48609729  0.04079084  0.04079084  0.00410919  0.04079084  0.00410851  0.00342444  0.00042325  0.04079084  0.00342444  0.00410851  0.00042325  0.00410919  0.00042325  0.00042325  0.00010541  
0.04079084  0.00342824  0.00342364  0.00034865  0.00342424  0.00034860  0.00029036  0.00007052  0.00342349  0.00029047  0.00034822  0.00007038  0.00034828  0.00007047  0.00007033  0.00042325  
0.04079084  0.00342364  0.00342824  0.00034865  0.00342349  0.00034822  0.00029047  0.00007038  0.00342424  0.00029036  0.00034860  0.00007052  0.00034828  0.00007033  0.00007047  0.00042325  
0.00410919  0.00034865  0.00034865  0.00007030  0.00034828  0.00006948  0.00005792  0.00034865  0.00034828  0.00005792  0.00006948  0.00034865  0.00006945  0.00034828  0.00034828  0.00410919  
0.04079084  0.00342424  0.00342349  0.00034828  0.00342824  0.00034860  0.00029047  0.00007047  0.00342364  0.00029036  0.00034822  0.00007033  0.00034865  0.00007052  0.00007038  0.00042325  
0.00410851  0.00034860  0.00034822  0.00006948  0.00034860  0.00007045  0.00005790  0.00034860  0.00034822  0.00005790  0.00006947  0.00034822  0.00006948  0.00034860  0.00034822  0.00410851  
0.00342444  0.00029036  0.00029047  0.00005792  0.00029047  0.00005790  0.00004898  0.00029047  0.00029036  0.00004828  0.00005790  0.00029036  0.00005792  0.00029036  0.00029047  0.00342444  
0.00042325  0.00007052  0.00007038  0.00034865  0.00007047  0.00034860  0.00029047  0.00342824  0.00007033  0.00029036  0.00034822  0.00342364  0.00034828  0.00342424  0.00342349  0.04079084  
0.04079084  0.00342349  0.00342424  0.00034828  0.00342364  0.00034822  0.00029036  0.00007033  0.00342824  0.00029047  0.00034860  0.00007047  0.00034865  0.00007038  0.00007052  0.00042325  
0.00342444  0.00029047  0.00029036  0.00005792  0.00029036  0.00005790  0.00004828  0.00029036  0.00029047  0.00004898  0.00005790  0.00029047  0.00005792  0.00029047  0.00029036  0.00342444  
0.00410851  0.00034822  0.00034860  0.00006948  0.00034822  0.00006947  0.00005790  0.00034822  0.00034860  0.00005790  0.00007045  0.00034860  0.00006948  0.00034822  0.00034860  0.00410851  
0.00042325  0.00007038  0.00007052  0.00034865  0.00007033  0.00034822  0.00029036  0.00342364  0.00007047  0.00029047  0.00034860  0.00342824  0.00034828  0.00342349  0.00342424  0.04079084  
0.00410919  0.00034828  0.00034828  0.00006945  0.00034865  0.00006948  0.00005792  0.00034828  0.00034865  0.00005792  0.00006948  0.00034828  0.00007030  0.00034865  0.00034865  0.00410919  
0.00042325  0.00007047  0.00007033  0.00034828  0.00007052  0.00034860  0.00029036  0.00342424  0.00007038  0.00029047  0.00034822  0.00342349  0.00034865  0.00342824  0.00342364  0.04079084  
0.00042325  0.00007033  0.00007047  0.00034828  0.00007038  0.00034822  0.00029047  0.00342349  0.00007052  0.00029036  0.00034860  0.00342424  0.00034865  0.00342364  0.00342824  0.04079084  
0.00010541  0.00042325  0.00042325  0.00410919  0.00042325  0.00410851  0.00342444  0.04079084  0.00042325  0.00342444  0.00410851  0.04079084  0.00410919  0.04079084  0.04079084  0.48609729  
