0.00000199  0.00000200  0.00000200  0.00000064  0.00000200  0.00000062  0.00000051  0.00000012  0.00000200  0.00000051  0.00000062  0.00000012  0.00000064  0.00000012  0.00000012  0.00000015  
0.00000200  0.00000050  0.00000040  0.00000010  0.00000046  0.00000010  0.00000006  0.00000006  0.00000053  0.00000010  0.00000008  0.00000005  0.00000008  0.00000006  0.00000006  0.00000012  
0.00000200  0.00000040  0.00000050  0.00000010  0.00000053  0.00000008  0.00000010  0.00000005  0.00000046  0.00000006  0.00000010  0.00000006  0.00000008  0.00000006  0.00000006  0.00000012  
0.00000064  0.00000010  0.00000010  0.00000010  0.00000008  0.00000003  0.00000004  0.00000010  0.00000008  0.00000004  0.00000003  0.00000010  0.00000008  0.00000008  0.00000008  0.00000064  
0.00000200  0.00000046  0.00000053  0.00000008  0.00000050  0.00000010  0.00000010  0.00000006  0.00000040  0.00000006  0.00000008  0.00000006  0.00000010  0.00000006  0.00000005  0.00000012  
0.00000062  0.00000010  0.00000008  0.00000003  0.00000010  0.00000009  0.00000003  0.00000010  0.00000008  0.00000003  0.00000009  0.00000008  0.00000003  0.00000010  0.00000008  0.00000062  
0.00000051  0.00000006  0.00000010  0.00000004  0.00000010  0.00000003  0.00000007  0.00000010  0.00000006  0.00000007  0.00000003  0.00000006  0.00000004  0.00000006  0.00000010  0.00000051  
0.00000012  0.00000006  0.00000005  0.00000010  0.00000006  0.00000010  0.00000010  0.00000050  0.00000006  0.00000006  0.00000008  0.00000040  0.00000008  0.00000046  0.00000053  0.00000200  
0.00000200  0.00000053  0.00000046  0.00000008  0.00000040  0.00000008  0.00000006  0.00000006  0.00000050  0.00000010  0.00000010  0.00000006  0.00000010  0.00000005  0.00000006  0.00000012  
0.00000051  0.00000010  0.00000006  0.00000004  0.00000006  0.00000003  0.00000007  0.00000006  0.00000010  0.00000007  0.00000003  0.00000010  0.00000004  0.00000010  0.00000006  0.00000051  
0.00000062  0.00000008  0.00000010  0.00000003  0.00000008  0.00000009  0.00000003  0.00000008  0.00000010  0.00000003  0.00000009  0.00000010  0.00000003  0.00000008  0.00000010  0.00000062  
0.00000012  0.00000005  0.00000006  0.00000010  0.00000006  0.00000008  0.00000006  0.00000040  0.00000006  0.00000010  0.00000010  0.00000050  0.00000008  0.00000053  0.00000046  0.00000200  
0.00000064  0.00000008  0.00000008  0.00000008  0.00000010  0.00000003  0.00000004  0.00000008  0.00000010  0.00000004  0.00000003  0.00000008  0.00000010  0.00000010  0.00000010  0.00000064  
0.00000012  0.00000006  0.00000006  0.00000008  0.00000006  0.00000010  0.00000006  0.00000046  0.00000005  0.00000010  0.00000008  0.00000053  0.00000010  0.00000050  0.00000040  0.00000200  
0.00000012  0.00000006  0.00000006  0.00000008  0.00000005  0.00000008  0.00000010  0.00000053  0.00000006  0.00000006  0.00000010  0.00000046  0.00000010  0.00000040  0.00000050  0.00000200  
0.00000015  0.00000012  0.00000012  0.00000064  0.00000012  0.00000062  0.00000051  0.00000200  0.00000012  0.00000051  0.00000062  0.00000200  0.00000064  0.00000200  0.00000200  0.00000199  
