0.00001410  0.00000855  0.00000634  0.00001144  0.00000634  0.00000653  0.00000863  0.00000870  0.00000855  0.00000701  0.00000653  0.00000808  0.00001144  0.00000808  0.00000870  0.00002233  
0.00000855  0.00000643  0.00000485  0.00000631  0.00000552  0.00000492  0.00000510  0.00000704  0.00000659  0.00000541  0.00000450  0.00000474  0.00000687  0.00000574  0.00000676  0.00000870  
0.00000634  0.00000485  0.00000499  0.00000538  0.00000568  0.00000378  0.00000447  0.00000474  0.00000552  0.00000499  0.00000335  0.00000661  0.00000523  0.00000705  0.00000574  0.00000808  
0.00001144  0.00000631  0.00000538  0.00001159  0.00000523  0.00000542  0.00000601  0.00000631  0.00000687  0.00000601  0.00000577  0.00000538  0.00001346  0.00000523  0.00000687  0.00001144  
0.00000634  0.00000552  0.00000568  0.00000523  0.00000499  0.00000335  0.00000447  0.00000574  0.00000485  0.00000499  0.00000378  0.00000705  0.00000538  0.00000661  0.00000474  0.00000808  
0.00000653  0.00000492  0.00000378  0.00000542  0.00000335  0.00000438  0.00000349  0.00000492  0.00000450  0.00000349  0.00000438  0.00000378  0.00000577  0.00000335  0.00000450  0.00000653  
0.00000863  0.00000510  0.00000447  0.00000601  0.00000447  0.00000349  0.00000601  0.00000541  0.00000510  0.00000671  0.00000349  0.00000499  0.00000601  0.00000499  0.00000541  0.00000701  
0.00000870  0.00000704  0.00000474  0.00000631  0.00000574  0.00000492  0.00000541  0.00000643  0.00000676  0.00000510  0.00000450  0.00000485  0.00000687  0.00000552  0.00000659  0.00000855  
0.00000855  0.00000659  0.00000552  0.00000687  0.00000485  0.00000450  0.00000510  0.00000676  0.00000643  0.00000541  0.00000492  0.00000574  0.00000631  0.00000474  0.00000704  0.00000870  
0.00000701  0.00000541  0.00000499  0.00000601  0.00000499  0.00000349  0.00000671  0.00000510  0.00000541  0.00000601  0.00000349  0.00000447  0.00000601  0.00000447  0.00000510  0.00000863  
0.00000653  0.00000450  0.00000335  0.00000577  0.00000378  0.00000438  0.00000349  0.00000450  0.00000492  0.00000349  0.00000438  0.00000335  0.00000542  0.00000378  0.00000492  0.00000653  
0.00000808  0.00000474  0.00000661  0.00000538  0.00000705  0.00000378  0.00000499  0.00000485  0.00000574  0.00000447  0.00000335  0.00000499  0.00000523  0.00000568  0.00000552  0.00000634  
0.00001144  0.00000687  0.00000523  0.00001346  0.00000538  0.00000577  0.00000601  0.00000687  0.00000631  0.00000601  0.00000542  0.00000523  0.00001159  0.00000538  0.00000631  0.00001144  
0.00000808  0.00000574  0.00000705  0.00000523  0.00000661  0.00000335  0.00000499  0.00000552  0.00000474  0.00000447  0.00000378  0.00000568  0.00000538  0.00000499  0.00000485  0.00000634  
0.00000870  0.00000676  0.00000574  0.00000687  0.00000474  0.00000450  0.00000541  0.00000659  0.00000704  0.00000510  0.00000492  0.00000552  0.00000631  0.00000485  0.00000643  0.00000855  
0.00002233  0.00000870  0.00000808  0.00001144  0.00000808  0.00000653  0.00000701  0.00000855  0.00000870  0.00000863  0.00000653  0.00000634  0.00001144  0.00000634  0.00000855  0.00001410  
