0.45092938  0.07128023  0.06940705  0.02241529  0.06940705  0.01132299  0.02149289  0.00923863  0.07128023  0.01144215  0.01132299  0.00428116  0.02241529  0.00428116  0.00923863  0.00778255  
0.07128023  0.01171031  0.01103523  0.00409617  0.01102481  0.00204341  0.00360692  0.00284295  0.01140440  0.00223145  0.00198723  0.00192807  0.00393040  0.00191898  0.00271771  0.00923863  
0.06940705  0.01103523  0.01071476  0.00361183  0.01070391  0.00182219  0.00338907  0.00192807  0.01102481  0.00190790  0.00182046  0.00113398  0.00360473  0.00113301  0.00191898  0.00428116  
0.02241529  0.00409617  0.00361183  0.00232452  0.00360473  0.00115078  0.00163188  0.00409617  0.00393040  0.00163188  0.00110637  0.00361183  0.00218759  0.00360473  0.00393040  0.02241529  
0.06940705  0.01102481  0.01070391  0.00360473  0.01071476  0.00182046  0.00338907  0.00191898  0.01103523  0.00190790  0.00182219  0.00113301  0.00361183  0.00113398  0.00192807  0.00428116  
0.01132299  0.00204341  0.00182219  0.00115078  0.00182046  0.00057954  0.00082088  0.00204341  0.00198723  0.00082088  0.00055981  0.00182219  0.00110637  0.00182046  0.00198723  0.01132299  
0.02149289  0.00360692  0.00338907  0.00163188  0.00338907  0.00082088  0.00131642  0.00223145  0.00360692  0.00107077  0.00082088  0.00190790  0.00163188  0.00190790  0.00223145  0.01144215  
0.00923863  0.00284295  0.00192807  0.00409617  0.00191898  0.00204341  0.00223145  0.01171031  0.00271771  0.00360692  0.00198723  0.01103523  0.00393040  0.01102481  0.01140440  0.07128023  
0.07128023  0.01140440  0.01102481  0.00393040  0.01103523  0.00198723  0.00360692  0.00271771  0.01171031  0.00223145  0.00204341  0.00191898  0.00409617  0.00192807  0.00284295  0.00923863  
0.01144215  0.00223145  0.00190790  0.00163188  0.00190790  0.00082088  0.00107077  0.00360692  0.00223145  0.00131642  0.00082088  0.00338907  0.00163188  0.00338907  0.00360692  0.02149289  
0.01132299  0.00198723  0.00182046  0.00110637  0.00182219  0.00055981  0.00082088  0.00198723  0.00204341  0.00082088  0.00057954  0.00182046  0.00115078  0.00182219  0.00204341  0.01132299  
0.00428116  0.00192807  0.00113398  0.00361183  0.00113301  0.00182219  0.00190790  0.01103523  0.00191898  0.00338907  0.00182046  0.01071476  0.00360473  0.01070391  0.01102481  0.06940705  
0.02241529  0.00393040  0.00360473  0.00218759  0.00361183  0.00110637  0.00163188  0.00393040  0.00409617  0.00163188  0.00115078  0.00360473  0.00232452  0.00361183  0.00409617  0.02241529  
0.00428116  0.00191898  0.00113301  0.00360473  0.00113398  0.00182046  0.00190790  0.01102481  0.00192807  0.00338907  0.00182219  0.01070391  0.00361183  0.01071476  0.01103523  0.06940705  
0.00923863  0.00271771  0.00191898  0.00393040  0.00192807  0.00198723  0.00223145  0.01140440  0.00284295  0.00360692  0.00204341  0.01102481  0.00409617  0.01103523  0.01171031  0.07128023  
0.00778255  0.00923863  0.00428116  0.02241529  0.00428116  0.01132299  0.01144215  0.07128023  0.00923863  0.02149289  0.01132299  0.06940705  0.02241529  0.06940705  0.07128023  0.45092938  
