0.00000627  0.00000467  0.00000401  0.00000278  0.00000401  0.00000144  0.00000353  0.00000158  0.00000467  0.00000191  0.00000144  0.00000085  0.00000278  0.00000085  0.00000158  0.00000285  
0.00000467  0.00000229  0.00000136  0.00000080  0.00000127  0.00000060  0.00000088  0.00000097  0.00000210  0.00000060  0.00000076  0.00000054  0.00000083  0.00000059  0.00000101  0.00000158  
0.00000401  0.00000136  0.00000161  0.00000072  0.00000158  0.00000038  0.00000062  0.00000054  0.00000127  0.00000044  0.00000045  0.00000049  0.00000059  0.00000037  0.00000059  0.00000085  
0.00000278  0.00000080  0.00000072  0.00000098  0.00000059  0.00000042  0.00000041  0.00000080  0.00000083  0.00000041  0.00000055  0.00000072  0.00000093  0.00000059  0.00000083  0.00000278  
0.00000401  0.00000127  0.00000158  0.00000059  0.00000161  0.00000045  0.00000062  0.00000059  0.00000136  0.00000044  0.00000038  0.00000037  0.00000072  0.00000049  0.00000054  0.00000085  
0.00000144  0.00000060  0.00000038  0.00000042  0.00000045  0.00000042  0.00000025  0.00000060  0.00000076  0.00000025  0.00000041  0.00000038  0.00000055  0.00000045  0.00000076  0.00000144  
0.00000353  0.00000088  0.00000062  0.00000041  0.00000062  0.00000025  0.00000062  0.00000060  0.00000088  0.00000066  0.00000025  0.00000044  0.00000041  0.00000044  0.00000060  0.00000191  
0.00000158  0.00000097  0.00000054  0.00000080  0.00000059  0.00000060  0.00000060  0.00000229  0.00000101  0.00000088  0.00000076  0.00000136  0.00000083  0.00000127  0.00000210  0.00000467  
0.00000467  0.00000210  0.00000127  0.00000083  0.00000136  0.00000076  0.00000088  0.00000101  0.00000229  0.00000060  0.00000060  0.00000059  0.00000080  0.00000054  0.00000097  0.00000158  
0.00000191  0.00000060  0.00000044  0.00000041  0.00000044  0.00000025  0.00000066  0.00000088  0.00000060  0.00000062  0.00000025  0.00000062  0.00000041  0.00000062  0.00000088  0.00000353  
0.00000144  0.00000076  0.00000045  0.00000055  0.00000038  0.00000041  0.00000025  0.00000076  0.00000060  0.00000025  0.00000042  0.00000045  0.00000042  0.00000038  0.00000060  0.00000144  
0.00000085  0.00000054  0.00000049  0.00000072  0.00000037  0.00000038  0.00000044  0.00000136  0.00000059  0.00000062  0.00000045  0.00000161  0.00000059  0.00000158  0.00000127  0.00000401  
0.00000278  0.00000083  0.00000059  0.00000093  0.00000072  0.00000055  0.00000041  0.00000083  0.00000080  0.00000041  0.00000042  0.00000059  0.00000098  0.00000072  0.00000080  0.00000278  
0.00000085  0.00000059  0.00000037  0.00000059  0.00000049  0.00000045  0.00000044  0.00000127  0.00000054  0.00000062  0.00000038  0.00000158  0.00000072  0.00000161  0.00000136  0.00000401  
0.00000158  0.00000101  0.00000059  0.00000083  0.00000054  0.00000076  0.00000060  0.00000210  0.00000097  0.00000088  0.00000060  0.00000127  0.00000080  0.00000136  0.00000229  0.00000467  
0.00000285  0.00000158  0.00000085  0.00000278  0.00000085  0.00000144  0.00000191  0.00000467  0.00000158  0.00000353  0.00000144  0.00000401  0.00000278  0.00000401  0.00000467  0.00000627  
