0.15658794  0.09996553  0.07893007  0.09396718  0.07893007  0.05548045  0.07295615  0.09693698  0.09996553  0.06577383  0.05548045  0.06884355  0.09396718  0.06884355  0.09693698  0.13293213  
0.09996553  0.07081044  0.05122053  0.06778688  0.05065193  0.03954825  0.04770614  0.07036995  0.06408218  0.04678808  0.03618485  0.04993116  0.06060238  0.04936361  0.06368324  0.09693698  
0.07893007  0.05122053  0.03995177  0.04830988  0.03986908  0.02847854  0.03695365  0.04993116  0.05065193  0.03388407  0.02819728  0.03559744  0.04770334  0.03555052  0.04936361  0.06884355  
0.09396718  0.06778688  0.04830988  0.06525823  0.04770334  0.03797315  0.04510070  0.06778688  0.06060238  0.04510070  0.03434938  0.04830988  0.05744515  0.04770334  0.06060238  0.09396718  
0.07893007  0.05065193  0.03986908  0.04770334  0.03995177  0.02819728  0.03695365  0.04936361  0.05122053  0.03388407  0.02847854  0.03555052  0.04830988  0.03559744  0.04993116  0.06884355  
0.05548045  0.03954825  0.02847854  0.03797315  0.02819728  0.02221727  0.02662328  0.03954825  0.03618485  0.02662328  0.02049379  0.02847854  0.03434938  0.02819728  0.03618485  0.05548045  
0.07295615  0.04770614  0.03695365  0.04510070  0.03695365  0.02662328  0.03441214  0.04678808  0.04770614  0.03217618  0.02662328  0.03388407  0.04510070  0.03388407  0.04678808  0.06577383  
0.09693698  0.07036995  0.04993116  0.06778688  0.04936361  0.03954825  0.04678808  0.07081044  0.06368324  0.04770614  0.03618485  0.05122053  0.06060238  0.05065193  0.06408218  0.09996553  
0.09996553  0.06408218  0.05065193  0.06060238  0.05122053  0.03618485  0.04770614  0.06368324  0.07081044  0.04678808  0.03954825  0.04936361  0.06778688  0.04993116  0.07036995  0.09693698  
0.06577383  0.04678808  0.03388407  0.04510070  0.03388407  0.02662328  0.03217618  0.04770614  0.04678808  0.03441214  0.02662328  0.03695365  0.04510070  0.03695365  0.04770614  0.07295615  
0.05548045  0.03618485  0.02819728  0.03434938  0.02847854  0.02049379  0.02662328  0.03618485  0.03954825  0.02662328  0.02221727  0.02819728  0.03797315  0.02847854  0.03954825  0.05548045  
0.06884355  0.04993116  0.03559744  0.04830988  0.03555052  0.02847854  0.03388407  0.05122053  0.04936361  0.03695365  0.02819728  0.03995177  0.04770334  0.03986908  0.05065193  0.07893007  
0.09396718  0.06060238  0.04770334  0.05744515  0.04830988  0.03434938  0.04510070  0.06060238  0.06778688  0.04510070  0.03797315  0.04770334  0.06525823  0.04830988  0.06778688  0.09396718  
0.06884355  0.04936361  0.03555052  0.04770334  0.03559744  0.02819728  0.03388407  0.05065193  0.04993116  0.03695365  0.02847854  0.03986908  0.04830988  0.03995177  0.05122053  0.07893007  
0.09693698  0.06368324  0.04936361  0.06060238  0.04993116  0.03618485  0.04678808  0.06408218  0.07036995  0.04770614  0.03954825  0.05065193  0.06778688  0.05122053  0.07081044  0.09996553  
0.13293213  0.09693698  0.06884355  0.09396718  0.06884355  0.05548045  0.06577383  0.09996553  0.09693698  0.07295615  0.05548045  0.07893007  0.09396718  0.07893007  0.09996553  0.15658794  
