0.00001541  0.00000725  0.00000725  0.00000972  0.00000725  0.00000862  0.00000856  0.00000784  0.00000725  0.00000856  0.00000862  0.00000784  0.00000972  0.00000784  0.00000784  0.00001723  
0.00000725  0.00000653  0.00001036  0.00000759  0.00000859  0.00000670  0.00000893  0.00000897  0.00000980  0.00000579  0.00000861  0.00000939  0.00000892  0.00000754  0.00001001  0.00000784  
0.00000725  0.00001036  0.00000653  0.00000759  0.00000980  0.00000861  0.00000579  0.00000939  0.00000859  0.00000893  0.00000670  0.00000897  0.00000892  0.00001001  0.00000754  0.00000784  
0.00000972  0.00000759  0.00000759  0.00001500  0.00000892  0.00000944  0.00000794  0.00000759  0.00000892  0.00000794  0.00000944  0.00000759  0.00001544  0.00000892  0.00000892  0.00000972  
0.00000725  0.00000859  0.00000980  0.00000892  0.00000653  0.00000670  0.00000579  0.00000754  0.00001036  0.00000893  0.00000861  0.00001001  0.00000759  0.00000897  0.00000939  0.00000784  
0.00000862  0.00000670  0.00000861  0.00000944  0.00000670  0.00001216  0.00000744  0.00000670  0.00000861  0.00000744  0.00001717  0.00000861  0.00000944  0.00000670  0.00000861  0.00000862  
0.00000856  0.00000893  0.00000579  0.00000794  0.00000579  0.00000744  0.00001068  0.00000579  0.00000893  0.00001967  0.00000744  0.00000893  0.00000794  0.00000893  0.00000579  0.00000856  
0.00000784  0.00000897  0.00000939  0.00000759  0.00000754  0.00000670  0.00000579  0.00000653  0.00001001  0.00000893  0.00000861  0.00001036  0.00000892  0.00000859  0.00000980  0.00000725  
0.00000725  0.00000980  0.00000859  0.00000892  0.00001036  0.00000861  0.00000893  0.00001001  0.00000653  0.00000579  0.00000670  0.00000754  0.00000759  0.00000939  0.00000897  0.00000784  
0.00000856  0.00000579  0.00000893  0.00000794  0.00000893  0.00000744  0.00001967  0.00000893  0.00000579  0.00001068  0.00000744  0.00000579  0.00000794  0.00000579  0.00000893  0.00000856  
0.00000862  0.00000861  0.00000670  0.00000944  0.00000861  0.00001717  0.00000744  0.00000861  0.00000670  0.00000744  0.00001216  0.00000670  0.00000944  0.00000861  0.00000670  0.00000862  
0.00000784  0.00000939  0.00000897  0.00000759  0.00001001  0.00000861  0.00000893  0.00001036  0.00000754  0.00000579  0.00000670  0.00000653  0.00000892  0.00000980  0.00000859  0.00000725  
0.00000972  0.00000892  0.00000892  0.00001544  0.00000759  0.00000944  0.00000794  0.00000892  0.00000759  0.00000794  0.00000944  0.00000892  0.00001500  0.00000759  0.00000759  0.00000972  
0.00000784  0.00000754  0.00001001  0.00000892  0.00000897  0.00000670  0.00000893  0.00000859  0.00000939  0.00000579  0.00000861  0.00000980  0.00000759  0.00000653  0.00001036  0.00000725  
0.00000784  0.00001001  0.00000754  0.00000892  0.00000939  0.00000861  0.00000579  0.00000980  0.00000897  0.00000893  0.00000670  0.00000859  0.00000759  0.00001036  0.00000653  0.00000725  
0.00001723  0.00000784  0.00000784  0.00000972  0.00000784  0.00000862  0.00000856  0.00000725  0.00000784  0.00000856  0.00000862  0.00000725  0.00000972  0.00000725  0.00000725  0.00001541  
