0.00002648  0.00001129  0.00001129  0.00001774  0.00001129  0.00001538  0.00001336  0.00001271  0.00001129  0.00001336  0.00001538  0.00001271  0.00001774  0.00001271  0.00001271  0.00002901  
0.00001129  0.00000735  0.00001472  0.00000952  0.00001505  0.00001034  0.00000984  0.00001374  0.00001310  0.00000800  0.00001074  0.00001380  0.00000951  0.00001087  0.00001220  0.00001271  
0.00001129  0.00001472  0.00000735  0.00000952  0.00001310  0.00001074  0.00000800  0.00001380  0.00001505  0.00000984  0.00001034  0.00001374  0.00000951  0.00001220  0.00001087  0.00001271  
0.00001774  0.00000952  0.00000952  0.00001875  0.00000951  0.00001195  0.00000945  0.00000952  0.00000951  0.00000945  0.00001195  0.00000952  0.00002062  0.00000951  0.00000951  0.00001774  
0.00001129  0.00001505  0.00001310  0.00000951  0.00000735  0.00001034  0.00000800  0.00001087  0.00001472  0.00000984  0.00001074  0.00001220  0.00000952  0.00001374  0.00001380  0.00001271  
0.00001538  0.00001034  0.00001074  0.00001195  0.00001034  0.00002043  0.00001023  0.00001034  0.00001074  0.00001023  0.00001600  0.00001074  0.00001195  0.00001034  0.00001074  0.00001538  
0.00001336  0.00000984  0.00000800  0.00000945  0.00000800  0.00001023  0.00001192  0.00000800  0.00000984  0.00001263  0.00001023  0.00000984  0.00000945  0.00000984  0.00000800  0.00001336  
0.00001271  0.00001374  0.00001380  0.00000952  0.00001087  0.00001034  0.00000800  0.00000735  0.00001220  0.00000984  0.00001074  0.00001472  0.00000951  0.00001505  0.00001310  0.00001129  
0.00001129  0.00001310  0.00001505  0.00000951  0.00001472  0.00001074  0.00000984  0.00001220  0.00000735  0.00000800  0.00001034  0.00001087  0.00000952  0.00001380  0.00001374  0.00001271  
0.00001336  0.00000800  0.00000984  0.00000945  0.00000984  0.00001023  0.00001263  0.00000984  0.00000800  0.00001192  0.00001023  0.00000800  0.00000945  0.00000800  0.00000984  0.00001336  
0.00001538  0.00001074  0.00001034  0.00001195  0.00001074  0.00001600  0.00001023  0.00001074  0.00001034  0.00001023  0.00002043  0.00001034  0.00001195  0.00001074  0.00001034  0.00001538  
0.00001271  0.00001380  0.00001374  0.00000952  0.00001220  0.00001074  0.00000984  0.00001472  0.00001087  0.00000800  0.00001034  0.00000735  0.00000951  0.00001310  0.00001505  0.00001129  
0.00001774  0.00000951  0.00000951  0.00002062  0.00000952  0.00001195  0.00000945  0.00000951  0.00000952  0.00000945  0.00001195  0.00000951  0.00001875  0.00000952  0.00000952  0.00001774  
0.00001271  0.00001087  0.00001220  0.00000951  0.00001374  0.00001034  0.00000984  0.00001505  0.00001380  0.00000800  0.00001074  0.00001310  0.00000952  0.00000735  0.00001472  0.00001129  
0.00001271  0.00001220  0.00001087  0.00000951  0.00001380  0.00001074  0.00000800  0.00001310  0.00001374  0.00000984  0.00001034  0.00001505  0.00000952  0.00001472  0.00000735  0.00001129  
0.00002901  0.00001271  0.00001271  0.00001774  0.00001271  0.00001538  0.00001336  0.00001129  0.00001271  0.00001336  0.00001538  0.00001129  0.00001774  0.00001129  0.00001129  0.00002648  
