0.00001193  0.00000609  0.00000609  0.00000424  0.00000609  0.00000769  0.00000424  0.00000431  0.00000609  0.00000424  0.00000769  0.00000431  0.00000424  0.00000431  0.00000431  0.00001675  
0.00000609  0.00000468  0.00000493  0.00000427  0.00000420  0.00000460  0.00000431  0.00000632  0.00000644  0.00000491  0.00000576  0.00000661  0.00000587  0.00000679  0.00000637  0.00000431  
0.00000609  0.00000493  0.00000468  0.00000427  0.00000644  0.00000576  0.00000491  0.00000661  0.00000420  0.00000431  0.00000460  0.00000632  0.00000587  0.00000637  0.00000679  0.00000431  
0.00000424  0.00000427  0.00000427  0.00001183  0.00000587  0.00000578  0.00000424  0.00000427  0.00000587  0.00000424  0.00000578  0.00000427  0.00001048  0.00000587  0.00000587  0.00000424  
0.00000609  0.00000420  0.00000644  0.00000587  0.00000468  0.00000460  0.00000491  0.00000679  0.00000493  0.00000431  0.00000576  0.00000637  0.00000427  0.00000632  0.00000661  0.00000431  
0.00000769  0.00000460  0.00000576  0.00000578  0.00000460  0.00001060  0.00000622  0.00000460  0.00000576  0.00000622  0.00000998  0.00000576  0.00000578  0.00000460  0.00000576  0.00000769  
0.00000424  0.00000431  0.00000491  0.00000424  0.00000491  0.00000622  0.00000898  0.00000491  0.00000431  0.00001110  0.00000622  0.00000431  0.00000424  0.00000431  0.00000491  0.00000424  
0.00000431  0.00000632  0.00000661  0.00000427  0.00000679  0.00000460  0.00000491  0.00000468  0.00000637  0.00000431  0.00000576  0.00000493  0.00000587  0.00000420  0.00000644  0.00000609  
0.00000609  0.00000644  0.00000420  0.00000587  0.00000493  0.00000576  0.00000431  0.00000637  0.00000468  0.00000491  0.00000460  0.00000679  0.00000427  0.00000661  0.00000632  0.00000431  
0.00000424  0.00000491  0.00000431  0.00000424  0.00000431  0.00000622  0.00001110  0.00000431  0.00000491  0.00000898  0.00000622  0.00000491  0.00000424  0.00000491  0.00000431  0.00000424  
0.00000769  0.00000576  0.00000460  0.00000578  0.00000576  0.00000998  0.00000622  0.00000576  0.00000460  0.00000622  0.00001060  0.00000460  0.00000578  0.00000576  0.00000460  0.00000769  
0.00000431  0.00000661  0.00000632  0.00000427  0.00000637  0.00000576  0.00000431  0.00000493  0.00000679  0.00000491  0.00000460  0.00000468  0.00000587  0.00000644  0.00000420  0.00000609  
0.00000424  0.00000587  0.00000587  0.00001048  0.00000427  0.00000578  0.00000424  0.00000587  0.00000427  0.00000424  0.00000578  0.00000587  0.00001183  0.00000427  0.00000427  0.00000424  
0.00000431  0.00000679  0.00000637  0.00000587  0.00000632  0.00000460  0.00000431  0.00000420  0.00000661  0.00000491  0.00000576  0.00000644  0.00000427  0.00000468  0.00000493  0.00000609  
0.00000431  0.00000637  0.00000679  0.00000587  0.00000661  0.00000576  0.00000491  0.00000644  0.00000632  0.00000431  0.00000460  0.00000420  0.00000427  0.00000493  0.00000468  0.00000609  
0.00001675  0.00000431  0.00000431  0.00000424  0.00000431  0.00000769  0.00000424  0.00000609  0.00000431  0.00000424  0.00000769  0.00000609  0.00000424  0.00000609  0.00000609  0.00001193  
