0.44425047  0.07626769  0.07626769  0.01574400  0.07626769  0.01574634  0.01314265  0.00342422  0.07626769  0.01314265  0.01574634  0.00342422  0.01574400  0.00342422  0.00342422  0.00168552  
0.07626769  0.01317695  0.01311677  0.00282645  0.01311592  0.00282640  0.00234767  0.00113239  0.01311620  0.00235797  0.00281494  0.00113262  0.00281460  0.00113055  0.00112598  0.00342422  
0.07626769  0.01311677  0.01317695  0.00282645  0.01311620  0.00281494  0.00235797  0.00113262  0.01311592  0.00234767  0.00282640  0.00113239  0.00281460  0.00112598  0.00113055  0.00342422  
0.01574400  0.00282645  0.00282645  0.00112847  0.00281460  0.00111779  0.00093157  0.00282645  0.00281460  0.00093157  0.00111779  0.00282645  0.00111257  0.00281460  0.00281460  0.01574400  
0.07626769  0.01311592  0.01311620  0.00281460  0.01317695  0.00282640  0.00235797  0.00113055  0.01311677  0.00234767  0.00281494  0.00112598  0.00282645  0.00113239  0.00113262  0.00342422  
0.01574634  0.00282640  0.00281494  0.00111779  0.00282640  0.00112751  0.00093183  0.00282640  0.00281494  0.00093183  0.00111331  0.00281494  0.00111779  0.00282640  0.00281494  0.01574634  
0.01314265  0.00234767  0.00235797  0.00093157  0.00235797  0.00093183  0.00078577  0.00235797  0.00234767  0.00077402  0.00093183  0.00234767  0.00093157  0.00234767  0.00235797  0.01314265  
0.00342422  0.00113239  0.00113262  0.00282645  0.00113055  0.00282640  0.00235797  0.01317695  0.00112598  0.00234767  0.00281494  0.01311677  0.00281460  0.01311592  0.01311620  0.07626769  
0.07626769  0.01311620  0.01311592  0.00281460  0.01311677  0.00281494  0.00234767  0.00112598  0.01317695  0.00235797  0.00282640  0.00113055  0.00282645  0.00113262  0.00113239  0.00342422  
0.01314265  0.00235797  0.00234767  0.00093157  0.00234767  0.00093183  0.00077402  0.00234767  0.00235797  0.00078577  0.00093183  0.00235797  0.00093157  0.00235797  0.00234767  0.01314265  
0.01574634  0.00281494  0.00282640  0.00111779  0.00281494  0.00111331  0.00093183  0.00281494  0.00282640  0.00093183  0.00112751  0.00282640  0.00111779  0.00281494  0.00282640  0.01574634  
0.00342422  0.00113262  0.00113239  0.00282645  0.00112598  0.00281494  0.00234767  0.01311677  0.00113055  0.00235797  0.00282640  0.01317695  0.00281460  0.01311620  0.01311592  0.07626769  
0.01574400  0.00281460  0.00281460  0.00111257  0.00282645  0.00111779  0.00093157  0.00281460  0.00282645  0.00093157  0.00111779  0.00281460  0.00112847  0.00282645  0.00282645  0.01574400  
0.00342422  0.00113055  0.00112598  0.00281460  0.00113239  0.00282640  0.00234767  0.01311592  0.00113262  0.00235797  0.00281494  0.01311620  0.00282645  0.01317695  0.01311677  0.07626769  
0.00342422  0.00112598  0.00113055  0.00281460  0.00113262  0.00281494  0.00235797  0.01311620  0.00113239  0.00234767  0.00282640  0.01311592  0.00282645  0.01311677  0.01317695  0.07626769  
0.00168552  0.00342422  0.00342422  0.01574400  0.00342422  0.01574634  0.01314265  0.07626769  0.00342422  0.01314265  0.01574634  0.07626769  0.01574400  0.07626769  0.07626769  0.44425047  
