0.00001171  0.00000444  0.00000444  0.00000449  0.00000444  0.00000639  0.00000392  0.00000477  0.00000444  0.00000392  0.00000639  0.00000477  0.00000449  0.00000477  0.00000477  0.00001015  
0.00000444  0.00000353  0.00000529  0.00000267  0.00000481  0.00000350  0.00000317  0.00000410  0.00000494  0.00000329  0.00000331  0.00000517  0.00000284  0.00000537  0.00000521  0.00000477  
0.00000444  0.00000529  0.00000353  0.00000267  0.00000494  0.00000331  0.00000329  0.00000517  0.00000481  0.00000317  0.00000350  0.00000410  0.00000284  0.00000521  0.00000537  0.00000477  
0.00000449  0.00000267  0.00000267  0.00000773  0.00000284  0.00000356  0.00000389  0.00000267  0.00000284  0.00000389  0.00000356  0.00000267  0.00000733  0.00000284  0.00000284  0.00000449  
0.00000444  0.00000481  0.00000494  0.00000284  0.00000353  0.00000350  0.00000329  0.00000537  0.00000529  0.00000317  0.00000331  0.00000521  0.00000267  0.00000410  0.00000517  0.00000477  
0.00000639  0.00000350  0.00000331  0.00000356  0.00000350  0.00000798  0.00000289  0.00000350  0.00000331  0.00000289  0.00000596  0.00000331  0.00000356  0.00000350  0.00000331  0.00000639  
0.00000392  0.00000317  0.00000329  0.00000389  0.00000329  0.00000289  0.00000595  0.00000329  0.00000317  0.00000596  0.00000289  0.00000317  0.00000389  0.00000317  0.00000329  0.00000392  
0.00000477  0.00000410  0.00000517  0.00000267  0.00000537  0.00000350  0.00000329  0.00000353  0.00000521  0.00000317  0.00000331  0.00000529  0.00000284  0.00000481  0.00000494  0.00000444  
0.00000444  0.00000494  0.00000481  0.00000284  0.00000529  0.00000331  0.00000317  0.00000521  0.00000353  0.00000329  0.00000350  0.00000537  0.00000267  0.00000517  0.00000410  0.00000477  
0.00000392  0.00000329  0.00000317  0.00000389  0.00000317  0.00000289  0.00000596  0.00000317  0.00000329  0.00000595  0.00000289  0.00000329  0.00000389  0.00000329  0.00000317  0.00000392  
0.00000639  0.00000331  0.00000350  0.00000356  0.00000331  0.00000596  0.00000289  0.00000331  0.00000350  0.00000289  0.00000798  0.00000350  0.00000356  0.00000331  0.00000350  0.00000639  
0.00000477  0.00000517  0.00000410  0.00000267  0.00000521  0.00000331  0.00000317  0.00000529  0.00000537  0.00000329  0.00000350  0.00000353  0.00000284  0.00000494  0.00000481  0.00000444  
0.00000449  0.00000284  0.00000284  0.00000733  0.00000267  0.00000356  0.00000389  0.00000284  0.00000267  0.00000389  0.00000356  0.00000284  0.00000773  0.00000267  0.00000267  0.00000449  
0.00000477  0.00000537  0.00000521  0.00000284  0.00000410  0.00000350  0.00000317  0.00000481  0.00000517  0.00000329  0.00000331  0.00000494  0.00000267  0.00000353  0.00000529  0.00000444  
0.00000477  0.00000521  0.00000537  0.00000284  0.00000517  0.00000331  0.00000329  0.00000494  0.00000410  0.00000317  0.00000350  0.00000481  0.00000267  0.00000529  0.00000353  0.00000444  
0.00001015  0.00000477  0.00000477  0.00000449  0.00000477  0.00000639  0.00000392  0.00000444  0.00000477  0.00000392  0.00000639  0.00000444  0.00000449  0.00000444  0.00000444  0.00001171  
