0.47927905  0.04895282  0.04843280  0.00996411  0.04843280  0.00500516  0.00980199  0.00259332  0.04895282  0.00501811  0.00500516  0.00111098  0.00996411  0.00111098  0.00259332  0.00145355  
0.04895282  0.00506415  0.00495133  0.00108480  0.00495294  0.00054215  0.00102739  0.00052441  0.00501123  0.00056755  0.00053668  0.00036174  0.00106802  0.00036169  0.00051464  0.00259332  
0.04843280  0.00495133  0.00490184  0.00102743  0.00489750  0.00051573  0.00100104  0.00036174  0.00495294  0.00052682  0.00051600  0.00021000  0.00102717  0.00020966  0.00036169  0.00111098  
0.00996411  0.00108480  0.00102743  0.00042547  0.00102717  0.00021095  0.00030890  0.00108480  0.00106802  0.00030890  0.00020766  0.00102743  0.00041306  0.00102717  0.00106802  0.00996411  
0.04843280  0.00495294  0.00489750  0.00102717  0.00490184  0.00051600  0.00100104  0.00036169  0.00495133  0.00052682  0.00051573  0.00020966  0.00102743  0.00021000  0.00036174  0.00111098  
0.00500516  0.00054215  0.00051573  0.00021095  0.00051600  0.00010760  0.00015482  0.00054215  0.00053668  0.00015482  0.00010425  0.00051573  0.00020766  0.00051600  0.00053668  0.00500516  
0.00980199  0.00102739  0.00100104  0.00030890  0.00100104  0.00015482  0.00025591  0.00056755  0.00102739  0.00020496  0.00015482  0.00052682  0.00030890  0.00052682  0.00056755  0.00501811  
0.00259332  0.00052441  0.00036174  0.00108480  0.00036169  0.00054215  0.00056755  0.00506415  0.00051464  0.00102739  0.00053668  0.00495133  0.00106802  0.00495294  0.00501123  0.04895282  
0.04895282  0.00501123  0.00495294  0.00106802  0.00495133  0.00053668  0.00102739  0.00051464  0.00506415  0.00056755  0.00054215  0.00036169  0.00108480  0.00036174  0.00052441  0.00259332  
0.00501811  0.00056755  0.00052682  0.00030890  0.00052682  0.00015482  0.00020496  0.00102739  0.00056755  0.00025591  0.00015482  0.00100104  0.00030890  0.00100104  0.00102739  0.00980199  
0.00500516  0.00053668  0.00051600  0.00020766  0.00051573  0.00010425  0.00015482  0.00053668  0.00054215  0.00015482  0.00010760  0.00051600  0.00021095  0.00051573  0.00054215  0.00500516  
0.00111098  0.00036174  0.00021000  0.00102743  0.00020966  0.00051573  0.00052682  0.00495133  0.00036169  0.00100104  0.00051600  0.00490184  0.00102717  0.00489750  0.00495294  0.04843280  
0.00996411  0.00106802  0.00102717  0.00041306  0.00102743  0.00020766  0.00030890  0.00106802  0.00108480  0.00030890  0.00021095  0.00102717  0.00042547  0.00102743  0.00108480  0.00996411  
0.00111098  0.00036169  0.00020966  0.00102717  0.00021000  0.00051600  0.00052682  0.00495294  0.00036174  0.00100104  0.00051573  0.00489750  0.00102743  0.00490184  0.00495133  0.04843280  
0.00259332  0.00051464  0.00036169  0.00106802  0.00036174  0.00053668  0.00056755  0.00501123  0.00052441  0.00102739  0.00054215  0.00495294  0.00108480  0.00495133  0.00506415  0.04895282  
0.00145355  0.00259332  0.00111098  0.00996411  0.00111098  0.00500516  0.00501811  0.04895282  0.00259332  0.00980199  0.00500516  0.04843280  0.00996411  0.04843280  0.04895282  0.47927905  
